Results: 	[0.8483]	
Results: 	[0.8483, 0.8878]	
Results: 	[0.8483, 0.8878, 0.8815]	
Results: 	[0.8483, 0.8878, 0.8815, 0.8757]	
Results: 	[0.8483, 0.8878, 0.8815, 0.8757, 0.8786]	
Results: 	[0.8483, 0.8878, 0.8815, 0.8757, 0.8786, 0.8252]	
Results: 	[0.8483, 0.8878, 0.8815, 0.8757, 0.8786, 0.8252, 0.915]	
Results: 	[0.8483, 0.8878, 0.8815, 0.8757, 0.8786, 0.8252, 0.915, 0.909]	
Results: 	[0.8483, 0.8878, 0.8815, 0.8757, 0.8786, 0.8252, 0.915, 0.909, 0.8698]	
Results: 	[0.8483, 0.8878, 0.8815, 0.8757, 0.8786, 0.8252, 0.915, 0.909, 0.8698, 0.8746]	
Results: 	[0.8483, 0.8878, 0.8815, 0.8757, 0.8786, 0.8252, 0.915, 0.909, 0.8698, 0.8746, 0.9154]	
Results: 	[0.8483, 0.8878, 0.8815, 0.8757, 0.8786, 0.8252, 0.915, 0.909, 0.8698, 0.8746, 0.9154, 0.8931]	
Results: 	[0.8483, 0.8878, 0.8815, 0.8757, 0.8786, 0.8252, 0.915, 0.909, 0.8698, 0.8746, 0.9154, 0.8931, 0.8497]	
Results: 	[0.8483, 0.8878, 0.8815, 0.8757, 0.8786, 0.8252, 0.915, 0.909, 0.8698, 0.8746, 0.9154, 0.8931, 0.8497, 0.9057]	
Results: 	[0.8483, 0.8878, 0.8815, 0.8757, 0.8786, 0.8252, 0.915, 0.909, 0.8698, 0.8746, 0.9154, 0.8931, 0.8497, 0.9057, 0.8733]	
Results: 	[0.8483, 0.8878, 0.8815, 0.8757, 0.8786, 0.8252, 0.915, 0.909, 0.8698, 0.8746, 0.9154, 0.8931, 0.8497, 0.9057, 0.8733, 0.8907]	
Results: 	[0.8483, 0.8878, 0.8815, 0.8757, 0.8786, 0.8252, 0.915, 0.909, 0.8698, 0.8746, 0.9154, 0.8931, 0.8497, 0.9057, 0.8733, 0.8907, 0.8759]	
Results: 	[0.8483, 0.8878, 0.8815, 0.8757, 0.8786, 0.8252, 0.915, 0.909, 0.8698, 0.8746, 0.9154, 0.8931, 0.8497, 0.9057, 0.8733, 0.8907, 0.8759, 0.8495]	
Results: 	[0.8483, 0.8878, 0.8815, 0.8757, 0.8786, 0.8252, 0.915, 0.909, 0.8698, 0.8746, 0.9154, 0.8931, 0.8497, 0.9057, 0.8733, 0.8907, 0.8759, 0.8495, 0.8483]	
Results: 	[0.8483, 0.8878, 0.8815, 0.8757, 0.8786, 0.8252, 0.915, 0.909, 0.8698, 0.8746, 0.9154, 0.8931, 0.8497, 0.9057, 0.8733, 0.8907, 0.8759, 0.8495, 0.8483, 0.8856]	
Results: 	[0.8483, 0.8878, 0.8815, 0.8757, 0.8786, 0.8252, 0.915, 0.909, 0.8698, 0.8746, 0.9154, 0.8931, 0.8497, 0.9057, 0.8733, 0.8907, 0.8759, 0.8495, 0.8483, 0.8856, 0.8784]	
Results: 	[0.8483, 0.8878, 0.8815, 0.8757, 0.8786, 0.8252, 0.915, 0.909, 0.8698, 0.8746, 0.9154, 0.8931, 0.8497, 0.9057, 0.8733, 0.8907, 0.8759, 0.8495, 0.8483, 0.8856, 0.8784, 0.9046]	
Results: 	[0.8483, 0.8878, 0.8815, 0.8757, 0.8786, 0.8252, 0.915, 0.909, 0.8698, 0.8746, 0.9154, 0.8931, 0.8497, 0.9057, 0.8733, 0.8907, 0.8759, 0.8495, 0.8483, 0.8856, 0.8784, 0.9046, 0.8647]	
Results: 	[0.8483, 0.8878, 0.8815, 0.8757, 0.8786, 0.8252, 0.915, 0.909, 0.8698, 0.8746, 0.9154, 0.8931, 0.8497, 0.9057, 0.8733, 0.8907, 0.8759, 0.8495, 0.8483, 0.8856, 0.8784, 0.9046, 0.8647, 0.8358]	
Results: 	[0.8483, 0.8878, 0.8815, 0.8757, 0.8786, 0.8252, 0.915, 0.909, 0.8698, 0.8746, 0.9154, 0.8931, 0.8497, 0.9057, 0.8733, 0.8907, 0.8759, 0.8495, 0.8483, 0.8856, 0.8784, 0.9046, 0.8647, 0.8358, 0.9029]	
Results: 	[0.8483, 0.8878, 0.8815, 0.8757, 0.8786, 0.8252, 0.915, 0.909, 0.8698, 0.8746, 0.9154, 0.8931, 0.8497, 0.9057, 0.8733, 0.8907, 0.8759, 0.8495, 0.8483, 0.8856, 0.8784, 0.9046, 0.8647, 0.8358, 0.9029, 0.8742]	
Results: 	[0.8483, 0.8878, 0.8815, 0.8757, 0.8786, 0.8252, 0.915, 0.909, 0.8698, 0.8746, 0.9154, 0.8931, 0.8497, 0.9057, 0.8733, 0.8907, 0.8759, 0.8495, 0.8483, 0.8856, 0.8784, 0.9046, 0.8647, 0.8358, 0.9029, 0.8742, 0.8539]	
Results: 	[0.8483, 0.8878, 0.8815, 0.8757, 0.8786, 0.8252, 0.915, 0.909, 0.8698, 0.8746, 0.9154, 0.8931, 0.8497, 0.9057, 0.8733, 0.8907, 0.8759, 0.8495, 0.8483, 0.8856, 0.8784, 0.9046, 0.8647, 0.8358, 0.9029, 0.8742, 0.8539, 0.8437]	
Results: 	[0.8483, 0.8878, 0.8815, 0.8757, 0.8786, 0.8252, 0.915, 0.909, 0.8698, 0.8746, 0.9154, 0.8931, 0.8497, 0.9057, 0.8733, 0.8907, 0.8759, 0.8495, 0.8483, 0.8856, 0.8784, 0.9046, 0.8647, 0.8358, 0.9029, 0.8742, 0.8539, 0.8437, 0.8682]	
Results: 	[0.8483, 0.8878, 0.8815, 0.8757, 0.8786, 0.8252, 0.915, 0.909, 0.8698, 0.8746, 0.9154, 0.8931, 0.8497, 0.9057, 0.8733, 0.8907, 0.8759, 0.8495, 0.8483, 0.8856, 0.8784, 0.9046, 0.8647, 0.8358, 0.9029, 0.8742, 0.8539, 0.8437, 0.8682, 0.881]
30 Support Sets: (Mean:0.8753366666666667, SD:0.023691224671527247) | 	















