Results: 	[0.9213]	
Results: 	[0.9213, 0.8187]	
Results: 	[0.9213, 0.8187, 0.7333]	
Results: 	[0.9213, 0.8187, 0.7333, 0.8734]	
Results: 	[0.9213, 0.8187, 0.7333, 0.8734, 0.5199]	
Results: 	[0.9213, 0.8187, 0.7333, 0.8734, 0.5199, 0.7408]	
Results: 	[0.9213, 0.8187, 0.7333, 0.8734, 0.5199, 0.7408, 0.6757]	
Results: 	[0.9213, 0.8187, 0.7333, 0.8734, 0.5199, 0.7408, 0.6757, 0.6135]	
Results: 	[0.9213, 0.8187, 0.7333, 0.8734, 0.5199, 0.7408, 0.6757, 0.6135, 0.0]	
Results: 	[0.9213, 0.8187, 0.7333, 0.8734, 0.5199, 0.7408, 0.6757, 0.6135, 0.0, 0.7754]	
Results: 	[0.9213, 0.8187, 0.7333, 0.8734, 0.5199, 0.7408, 0.6757, 0.6135, 0.0, 0.7754, 0.8097]	
Results: 	[0.9213, 0.8187, 0.7333, 0.8734, 0.5199, 0.7408, 0.6757, 0.6135, 0.0, 0.7754, 0.8097, 0.7348]	
Results: 	[0.9213, 0.8187, 0.7333, 0.8734, 0.5199, 0.7408, 0.6757, 0.6135, 0.0, 0.7754, 0.8097, 0.7348, 0.7655]	
Results: 	[0.9213, 0.8187, 0.7333, 0.8734, 0.5199, 0.7408, 0.6757, 0.6135, 0.0, 0.7754, 0.8097, 0.7348, 0.7655, 0.7416]	
Results: 	[0.9213, 0.8187, 0.7333, 0.8734, 0.5199, 0.7408, 0.6757, 0.6135, 0.0, 0.7754, 0.8097, 0.7348, 0.7655, 0.7416, 0.6517]	
Results: 	[0.9213, 0.8187, 0.7333, 0.8734, 0.5199, 0.7408, 0.6757, 0.6135, 0.0, 0.7754, 0.8097, 0.7348, 0.7655, 0.7416, 0.6517, 0.5086]	
Results: 	[0.9213, 0.8187, 0.7333, 0.8734, 0.5199, 0.7408, 0.6757, 0.6135, 0.0, 0.7754, 0.8097, 0.7348, 0.7655, 0.7416, 0.6517, 0.5086, 0.6599]	
Results: 	[0.9213, 0.8187, 0.7333, 0.8734, 0.5199, 0.7408, 0.6757, 0.6135, 0.0, 0.7754, 0.8097, 0.7348, 0.7655, 0.7416, 0.6517, 0.5086, 0.6599, 0.7258]	
Results: 	[0.9213, 0.8187, 0.7333, 0.8734, 0.5199, 0.7408, 0.6757, 0.6135, 0.0, 0.7754, 0.8097, 0.7348, 0.7655, 0.7416, 0.6517, 0.5086, 0.6599, 0.7258, 0.1813]	
Results: 	[0.9213, 0.8187, 0.7333, 0.8734, 0.5199, 0.7408, 0.6757, 0.6135, 0.0, 0.7754, 0.8097, 0.7348, 0.7655, 0.7416, 0.6517, 0.5086, 0.6599, 0.7258, 0.1813, 0.7625]	
Results: 	[0.9213, 0.8187, 0.7333, 0.8734, 0.5199, 0.7408, 0.6757, 0.6135, 0.0, 0.7754, 0.8097, 0.7348, 0.7655, 0.7416, 0.6517, 0.5086, 0.6599, 0.7258, 0.1813, 0.7625, 0.6449]	
Results: 	[0.9213, 0.8187, 0.7333, 0.8734, 0.5199, 0.7408, 0.6757, 0.6135, 0.0, 0.7754, 0.8097, 0.7348, 0.7655, 0.7416, 0.6517, 0.5086, 0.6599, 0.7258, 0.1813, 0.7625, 0.6449, 0.2891]	
Results: 	[0.9213, 0.8187, 0.7333, 0.8734, 0.5199, 0.7408, 0.6757, 0.6135, 0.0, 0.7754, 0.8097, 0.7348, 0.7655, 0.7416, 0.6517, 0.5086, 0.6599, 0.7258, 0.1813, 0.7625, 0.6449, 0.2891, 0.7438]	
Results: 	[0.9213, 0.8187, 0.7333, 0.8734, 0.5199, 0.7408, 0.6757, 0.6135, 0.0, 0.7754, 0.8097, 0.7348, 0.7655, 0.7416, 0.6517, 0.5086, 0.6599, 0.7258, 0.1813, 0.7625, 0.6449, 0.2891, 0.7438, 0.6457]	
Results: 	[0.9213, 0.8187, 0.7333, 0.8734, 0.5199, 0.7408, 0.6757, 0.6135, 0.0, 0.7754, 0.8097, 0.7348, 0.7655, 0.7416, 0.6517, 0.5086, 0.6599, 0.7258, 0.1813, 0.7625, 0.6449, 0.2891, 0.7438, 0.6457, 0.7715]	
Results: 	[0.9213, 0.8187, 0.7333, 0.8734, 0.5199, 0.7408, 0.6757, 0.6135, 0.0, 0.7754, 0.8097, 0.7348, 0.7655, 0.7416, 0.6517, 0.5086, 0.6599, 0.7258, 0.1813, 0.7625, 0.6449, 0.2891, 0.7438, 0.6457, 0.7715, 0.6779]	
Results: 	[0.9213, 0.8187, 0.7333, 0.8734, 0.5199, 0.7408, 0.6757, 0.6135, 0.0, 0.7754, 0.8097, 0.7348, 0.7655, 0.7416, 0.6517, 0.5086, 0.6599, 0.7258, 0.1813, 0.7625, 0.6449, 0.2891, 0.7438, 0.6457, 0.7715, 0.6779, 0.391]	
Results: 	[0.9213, 0.8187, 0.7333, 0.8734, 0.5199, 0.7408, 0.6757, 0.6135, 0.0, 0.7754, 0.8097, 0.7348, 0.7655, 0.7416, 0.6517, 0.5086, 0.6599, 0.7258, 0.1813, 0.7625, 0.6449, 0.2891, 0.7438, 0.6457, 0.7715, 0.6779, 0.391, 0.5558]	
Results: 	[0.9213, 0.8187, 0.7333, 0.8734, 0.5199, 0.7408, 0.6757, 0.6135, 0.0, 0.7754, 0.8097, 0.7348, 0.7655, 0.7416, 0.6517, 0.5086, 0.6599, 0.7258, 0.1813, 0.7625, 0.6449, 0.2891, 0.7438, 0.6457, 0.7715, 0.6779, 0.391, 0.5558, 0.8427]	
Results: 	[0.9213, 0.8187, 0.7333, 0.8734, 0.5199, 0.7408, 0.6757, 0.6135, 0.0, 0.7754, 0.8097, 0.7348, 0.7655, 0.7416, 0.6517, 0.5086, 0.6599, 0.7258, 0.1813, 0.7625, 0.6449, 0.2891, 0.7438, 0.6457, 0.7715, 0.6779, 0.391, 0.5558, 0.8427, 0.6315]
30 Support Sets: (Mean:0.64691, SD:0.20381507059096488) | 	
















































































































































































































































































































































































































































































