Results: 	[0.9972]	
Results: 	[0.9972, 0.9972]	
Results: 	[0.9972, 0.9972, 0.9972]	
Results: 	[0.9972, 0.9972, 0.9972, 0.9972]	
Results: 	[0.9972, 0.9972, 0.9972, 0.9972, 0.9972]	
Results: 	[0.9972, 0.9972, 0.9972, 0.9972, 0.9972, 0.9972]	
Results: 	[0.9972, 0.9972, 0.9972, 0.9972, 0.9972, 0.9972, 0.9972]	
Results: 	[0.9972, 0.9972, 0.9972, 0.9972, 0.9972, 0.9972, 0.9972, 0.9972]	
Results: 	[0.9972, 0.9972, 0.9972, 0.9972, 0.9972, 0.9972, 0.9972, 0.9972, 0.9972]	
Results: 	[0.9972, 0.9972, 0.9972, 0.9972, 0.9972, 0.9972, 0.9972, 0.9972, 0.9972, 0.9972]	
Results: 	[0.9972, 0.9972, 0.9972, 0.9972, 0.9972, 0.9972, 0.9972, 0.9972, 0.9972, 0.9972, 0.9972]	
Results: 	[0.9972, 0.9972, 0.9972, 0.9972, 0.9972, 0.9972, 0.9972, 0.9972, 0.9972, 0.9972, 0.9972, 0.9972]	
Results: 	[0.9972, 0.9972, 0.9972, 0.9972, 0.9972, 0.9972, 0.9972, 0.9972, 0.9972, 0.9972, 0.9972, 0.9972, 0.9972]	
Results: 	[0.9972, 0.9972, 0.9972, 0.9972, 0.9972, 0.9972, 0.9972, 0.9972, 0.9972, 0.9972, 0.9972, 0.9972, 0.9972, 0.9972]	
Results: 	[0.9972, 0.9972, 0.9972, 0.9972, 0.9972, 0.9972, 0.9972, 0.9972, 0.9972, 0.9972, 0.9972, 0.9972, 0.9972, 0.9972, 0.9972]	
Results: 	[0.9972, 0.9972, 0.9972, 0.9972, 0.9972, 0.9972, 0.9972, 0.9972, 0.9972, 0.9972, 0.9972, 0.9972, 0.9972, 0.9972, 0.9972, 0.9972]	
Results: 	[0.9972, 0.9972, 0.9972, 0.9972, 0.9972, 0.9972, 0.9972, 0.9972, 0.9972, 0.9972, 0.9972, 0.9972, 0.9972, 0.9972, 0.9972, 0.9972, 0.9972]	
Results: 	[0.9972, 0.9972, 0.9972, 0.9972, 0.9972, 0.9972, 0.9972, 0.9972, 0.9972, 0.9972, 0.9972, 0.9972, 0.9972, 0.9972, 0.9972, 0.9972, 0.9972, 0.9972]	
Results: 	[0.9972, 0.9972, 0.9972, 0.9972, 0.9972, 0.9972, 0.9972, 0.9972, 0.9972, 0.9972, 0.9972, 0.9972, 0.9972, 0.9972, 0.9972, 0.9972, 0.9972, 0.9972, 0.9972]	
Results: 	[0.9972, 0.9972, 0.9972, 0.9972, 0.9972, 0.9972, 0.9972, 0.9972, 0.9972, 0.9972, 0.9972, 0.9972, 0.9972, 0.9972, 0.9972, 0.9972, 0.9972, 0.9972, 0.9972, 0.9972]	
Results: 	[0.9972, 0.9972, 0.9972, 0.9972, 0.9972, 0.9972, 0.9972, 0.9972, 0.9972, 0.9972, 0.9972, 0.9972, 0.9972, 0.9972, 0.9972, 0.9972, 0.9972, 0.9972, 0.9972, 0.9972, 0.9972]	
Results: 	[0.9972, 0.9972, 0.9972, 0.9972, 0.9972, 0.9972, 0.9972, 0.9972, 0.9972, 0.9972, 0.9972, 0.9972, 0.9972, 0.9972, 0.9972, 0.9972, 0.9972, 0.9972, 0.9972, 0.9972, 0.9972, 0.9991]	
Results: 	[0.9972, 0.9972, 0.9972, 0.9972, 0.9972, 0.9972, 0.9972, 0.9972, 0.9972, 0.9972, 0.9972, 0.9972, 0.9972, 0.9972, 0.9972, 0.9972, 0.9972, 0.9972, 0.9972, 0.9972, 0.9972, 0.9991, 0.9972]	
Results: 	[0.9972, 0.9972, 0.9972, 0.9972, 0.9972, 0.9972, 0.9972, 0.9972, 0.9972, 0.9972, 0.9972, 0.9972, 0.9972, 0.9972, 0.9972, 0.9972, 0.9972, 0.9972, 0.9972, 0.9972, 0.9972, 0.9991, 0.9972, 0.9972]	
Results: 	[0.9972, 0.9972, 0.9972, 0.9972, 0.9972, 0.9972, 0.9972, 0.9972, 0.9972, 0.9972, 0.9972, 0.9972, 0.9972, 0.9972, 0.9972, 0.9972, 0.9972, 0.9972, 0.9972, 0.9972, 0.9972, 0.9991, 0.9972, 0.9972, 0.9972]	
Results: 	[0.9972, 0.9972, 0.9972, 0.9972, 0.9972, 0.9972, 0.9972, 0.9972, 0.9972, 0.9972, 0.9972, 0.9972, 0.9972, 0.9972, 0.9972, 0.9972, 0.9972, 0.9972, 0.9972, 0.9972, 0.9972, 0.9991, 0.9972, 0.9972, 0.9972, 0.9972]	
Results: 	[0.9972, 0.9972, 0.9972, 0.9972, 0.9972, 0.9972, 0.9972, 0.9972, 0.9972, 0.9972, 0.9972, 0.9972, 0.9972, 0.9972, 0.9972, 0.9972, 0.9972, 0.9972, 0.9972, 0.9972, 0.9972, 0.9991, 0.9972, 0.9972, 0.9972, 0.9972, 0.9972]	
Results: 	[0.9972, 0.9972, 0.9972, 0.9972, 0.9972, 0.9972, 0.9972, 0.9972, 0.9972, 0.9972, 0.9972, 0.9972, 0.9972, 0.9972, 0.9972, 0.9972, 0.9972, 0.9972, 0.9972, 0.9972, 0.9972, 0.9991, 0.9972, 0.9972, 0.9972, 0.9972, 0.9972, 0.9972]	
Results: 	[0.9972, 0.9972, 0.9972, 0.9972, 0.9972, 0.9972, 0.9972, 0.9972, 0.9972, 0.9972, 0.9972, 0.9972, 0.9972, 0.9972, 0.9972, 0.9972, 0.9972, 0.9972, 0.9972, 0.9972, 0.9972, 0.9991, 0.9972, 0.9972, 0.9972, 0.9972, 0.9972, 0.9972, 0.9972]	
Results: 	[0.9972, 0.9972, 0.9972, 0.9972, 0.9972, 0.9972, 0.9972, 0.9972, 0.9972, 0.9972, 0.9972, 0.9972, 0.9972, 0.9972, 0.9972, 0.9972, 0.9972, 0.9972, 0.9972, 0.9972, 0.9972, 0.9991, 0.9972, 0.9972, 0.9972, 0.9972, 0.9972, 0.9972, 0.9972, 0.9981]
30 Support Sets: (Mean:0.9972933333333334, SD:0.00037868495989486694) | 	



















































































































































