Results: 	[0.9306]	
Results: 	[0.9306, 0.4099]	
Results: 	[0.9306, 0.4099, 0.9662]	
Results: 	[0.9306, 0.4099, 0.9662, 1.0]	
Results: 	[0.9306, 0.4099, 0.9662, 1.0, 0.3133]	
Results: 	[0.9306, 0.4099, 0.9662, 1.0, 0.3133, 0.9859]	
Results: 	[0.9306, 0.4099, 0.9662, 1.0, 0.3133, 0.9859, 0.6867]	
Results: 	[0.9306, 0.4099, 0.9662, 1.0, 0.3133, 0.9859, 0.6867, 0.743]	
Results: 	[0.9306, 0.4099, 0.9662, 1.0, 0.3133, 0.9859, 0.6867, 0.743, 0.7383]	
Results: 	[0.9306, 0.4099, 0.9662, 1.0, 0.3133, 0.9859, 0.6867, 0.743, 0.7383, 0.9944]	
Results: 	[0.9306, 0.4099, 0.9662, 1.0, 0.3133, 0.9859, 0.6867, 0.743, 0.7383, 0.9944, 0.7861]	
Results: 	[0.9306, 0.4099, 0.9662, 1.0, 0.3133, 0.9859, 0.6867, 0.743, 0.7383, 0.9944, 0.7861, 0.8827]	
Results: 	[0.9306, 0.4099, 0.9662, 1.0, 0.3133, 0.9859, 0.6867, 0.743, 0.7383, 0.9944, 0.7861, 0.8827, 0.8227]	
Results: 	[0.9306, 0.4099, 0.9662, 1.0, 0.3133, 0.9859, 0.6867, 0.743, 0.7383, 0.9944, 0.7861, 0.8827, 0.8227, 0.9991]	
Results: 	[0.9306, 0.4099, 0.9662, 1.0, 0.3133, 0.9859, 0.6867, 0.743, 0.7383, 0.9944, 0.7861, 0.8827, 0.8227, 0.9991, 0.2683]	
Results: 	[0.9306, 0.4099, 0.9662, 1.0, 0.3133, 0.9859, 0.6867, 0.743, 0.7383, 0.9944, 0.7861, 0.8827, 0.8227, 0.9991, 0.2683, 0.7974]	
Results: 	[0.9306, 0.4099, 0.9662, 1.0, 0.3133, 0.9859, 0.6867, 0.743, 0.7383, 0.9944, 0.7861, 0.8827, 0.8227, 0.9991, 0.2683, 0.7974, 0.9991]	
Results: 	[0.9306, 0.4099, 0.9662, 1.0, 0.3133, 0.9859, 0.6867, 0.743, 0.7383, 0.9944, 0.7861, 0.8827, 0.8227, 0.9991, 0.2683, 0.7974, 0.9991, 0.5966]	
Results: 	[0.9306, 0.4099, 0.9662, 1.0, 0.3133, 0.9859, 0.6867, 0.743, 0.7383, 0.9944, 0.7861, 0.8827, 0.8227, 0.9991, 0.2683, 0.7974, 0.9991, 0.5966, 0.9287]	
Results: 	[0.9306, 0.4099, 0.9662, 1.0, 0.3133, 0.9859, 0.6867, 0.743, 0.7383, 0.9944, 0.7861, 0.8827, 0.8227, 0.9991, 0.2683, 0.7974, 0.9991, 0.5966, 0.9287, 0.7458]	
Results: 	[0.9306, 0.4099, 0.9662, 1.0, 0.3133, 0.9859, 0.6867, 0.743, 0.7383, 0.9944, 0.7861, 0.8827, 0.8227, 0.9991, 0.2683, 0.7974, 0.9991, 0.5966, 0.9287, 0.7458, 0.7383]	
Results: 	[0.9306, 0.4099, 0.9662, 1.0, 0.3133, 0.9859, 0.6867, 0.743, 0.7383, 0.9944, 0.7861, 0.8827, 0.8227, 0.9991, 0.2683, 0.7974, 0.9991, 0.5966, 0.9287, 0.7458, 0.7383, 1.0]	
Results: 	[0.9306, 0.4099, 0.9662, 1.0, 0.3133, 0.9859, 0.6867, 0.743, 0.7383, 0.9944, 0.7861, 0.8827, 0.8227, 0.9991, 0.2683, 0.7974, 0.9991, 0.5966, 0.9287, 0.7458, 0.7383, 1.0, 0.9559]	
Results: 	[0.9306, 0.4099, 0.9662, 1.0, 0.3133, 0.9859, 0.6867, 0.743, 0.7383, 0.9944, 0.7861, 0.8827, 0.8227, 0.9991, 0.2683, 0.7974, 0.9991, 0.5966, 0.9287, 0.7458, 0.7383, 1.0, 0.9559, 0.561]	
Results: 	[0.9306, 0.4099, 0.9662, 1.0, 0.3133, 0.9859, 0.6867, 0.743, 0.7383, 0.9944, 0.7861, 0.8827, 0.8227, 0.9991, 0.2683, 0.7974, 0.9991, 0.5966, 0.9287, 0.7458, 0.7383, 1.0, 0.9559, 0.561, 0.5507]	
Results: 	[0.9306, 0.4099, 0.9662, 1.0, 0.3133, 0.9859, 0.6867, 0.743, 0.7383, 0.9944, 0.7861, 0.8827, 0.8227, 0.9991, 0.2683, 0.7974, 0.9991, 0.5966, 0.9287, 0.7458, 0.7383, 1.0, 0.9559, 0.561, 0.5507, 0.6923]	
Results: 	[0.9306, 0.4099, 0.9662, 1.0, 0.3133, 0.9859, 0.6867, 0.743, 0.7383, 0.9944, 0.7861, 0.8827, 0.8227, 0.9991, 0.2683, 0.7974, 0.9991, 0.5966, 0.9287, 0.7458, 0.7383, 1.0, 0.9559, 0.561, 0.5507, 0.6923, 0.5929]	
Results: 	[0.9306, 0.4099, 0.9662, 1.0, 0.3133, 0.9859, 0.6867, 0.743, 0.7383, 0.9944, 0.7861, 0.8827, 0.8227, 0.9991, 0.2683, 0.7974, 0.9991, 0.5966, 0.9287, 0.7458, 0.7383, 1.0, 0.9559, 0.561, 0.5507, 0.6923, 0.5929, 0.9916]	
Results: 	[0.9306, 0.4099, 0.9662, 1.0, 0.3133, 0.9859, 0.6867, 0.743, 0.7383, 0.9944, 0.7861, 0.8827, 0.8227, 0.9991, 0.2683, 0.7974, 0.9991, 0.5966, 0.9287, 0.7458, 0.7383, 1.0, 0.9559, 0.561, 0.5507, 0.6923, 0.5929, 0.9916, 0.9447]	
Results: 	[0.9306, 0.4099, 0.9662, 1.0, 0.3133, 0.9859, 0.6867, 0.743, 0.7383, 0.9944, 0.7861, 0.8827, 0.8227, 0.9991, 0.2683, 0.7974, 0.9991, 0.5966, 0.9287, 0.7458, 0.7383, 1.0, 0.9559, 0.561, 0.5507, 0.6923, 0.5929, 0.9916, 0.9447, 1.0]
30 Support Sets: (Mean:0.7874066666666667, SD:0.21424722898193288) | 	




























