Results: 	[0.9809]	
Results: 	[0.9809, 0.9805]	
Results: 	[0.9809, 0.9805, 0.976]	
Results: 	[0.9809, 0.9805, 0.976, 0.9814]	
Results: 	[0.9809, 0.9805, 0.976, 0.9814, 0.9797]	
Results: 	[0.9809, 0.9805, 0.976, 0.9814, 0.9797, 0.9817]	
Results: 	[0.9809, 0.9805, 0.976, 0.9814, 0.9797, 0.9817, 0.9809]	
Results: 	[0.9809, 0.9805, 0.976, 0.9814, 0.9797, 0.9817, 0.9809, 0.9764]	
Results: 	[0.9809, 0.9805, 0.976, 0.9814, 0.9797, 0.9817, 0.9809, 0.9764, 0.9801]	
Results: 	[0.9809, 0.9805, 0.976, 0.9814, 0.9797, 0.9817, 0.9809, 0.9764, 0.9801, 0.9794]	
Results: 	[0.9809, 0.9805, 0.976, 0.9814, 0.9797, 0.9817, 0.9809, 0.9764, 0.9801, 0.9794, 0.9807]	
Results: 	[0.9809, 0.9805, 0.976, 0.9814, 0.9797, 0.9817, 0.9809, 0.9764, 0.9801, 0.9794, 0.9807, 0.9794]	
Results: 	[0.9809, 0.9805, 0.976, 0.9814, 0.9797, 0.9817, 0.9809, 0.9764, 0.9801, 0.9794, 0.9807, 0.9794, 0.981]	
Results: 	[0.9809, 0.9805, 0.976, 0.9814, 0.9797, 0.9817, 0.9809, 0.9764, 0.9801, 0.9794, 0.9807, 0.9794, 0.981, 0.982]	
Results: 	[0.9809, 0.9805, 0.976, 0.9814, 0.9797, 0.9817, 0.9809, 0.9764, 0.9801, 0.9794, 0.9807, 0.9794, 0.981, 0.982, 0.9814]	
Results: 	[0.9809, 0.9805, 0.976, 0.9814, 0.9797, 0.9817, 0.9809, 0.9764, 0.9801, 0.9794, 0.9807, 0.9794, 0.981, 0.982, 0.9814, 0.9641]	
Results: 	[0.9809, 0.9805, 0.976, 0.9814, 0.9797, 0.9817, 0.9809, 0.9764, 0.9801, 0.9794, 0.9807, 0.9794, 0.981, 0.982, 0.9814, 0.9641, 0.9817]	
Results: 	[0.9809, 0.9805, 0.976, 0.9814, 0.9797, 0.9817, 0.9809, 0.9764, 0.9801, 0.9794, 0.9807, 0.9794, 0.981, 0.982, 0.9814, 0.9641, 0.9817, 0.981]	
Results: 	[0.9809, 0.9805, 0.976, 0.9814, 0.9797, 0.9817, 0.9809, 0.9764, 0.9801, 0.9794, 0.9807, 0.9794, 0.981, 0.982, 0.9814, 0.9641, 0.9817, 0.981, 0.9822]	
Results: 	[0.9809, 0.9805, 0.976, 0.9814, 0.9797, 0.9817, 0.9809, 0.9764, 0.9801, 0.9794, 0.9807, 0.9794, 0.981, 0.982, 0.9814, 0.9641, 0.9817, 0.981, 0.9822, 0.9806]	
Results: 	[0.9809, 0.9805, 0.976, 0.9814, 0.9797, 0.9817, 0.9809, 0.9764, 0.9801, 0.9794, 0.9807, 0.9794, 0.981, 0.982, 0.9814, 0.9641, 0.9817, 0.981, 0.9822, 0.9806, 0.9823]	
Results: 	[0.9809, 0.9805, 0.976, 0.9814, 0.9797, 0.9817, 0.9809, 0.9764, 0.9801, 0.9794, 0.9807, 0.9794, 0.981, 0.982, 0.9814, 0.9641, 0.9817, 0.981, 0.9822, 0.9806, 0.9823, 0.9811]	
Results: 	[0.9809, 0.9805, 0.976, 0.9814, 0.9797, 0.9817, 0.9809, 0.9764, 0.9801, 0.9794, 0.9807, 0.9794, 0.981, 0.982, 0.9814, 0.9641, 0.9817, 0.981, 0.9822, 0.9806, 0.9823, 0.9811, 0.9812]	
Results: 	[0.9809, 0.9805, 0.976, 0.9814, 0.9797, 0.9817, 0.9809, 0.9764, 0.9801, 0.9794, 0.9807, 0.9794, 0.981, 0.982, 0.9814, 0.9641, 0.9817, 0.981, 0.9822, 0.9806, 0.9823, 0.9811, 0.9812, 0.9813]	
Results: 	[0.9809, 0.9805, 0.976, 0.9814, 0.9797, 0.9817, 0.9809, 0.9764, 0.9801, 0.9794, 0.9807, 0.9794, 0.981, 0.982, 0.9814, 0.9641, 0.9817, 0.981, 0.9822, 0.9806, 0.9823, 0.9811, 0.9812, 0.9813, 0.9808]	
Results: 	[0.9809, 0.9805, 0.976, 0.9814, 0.9797, 0.9817, 0.9809, 0.9764, 0.9801, 0.9794, 0.9807, 0.9794, 0.981, 0.982, 0.9814, 0.9641, 0.9817, 0.981, 0.9822, 0.9806, 0.9823, 0.9811, 0.9812, 0.9813, 0.9808, 0.9734]	
Results: 	[0.9809, 0.9805, 0.976, 0.9814, 0.9797, 0.9817, 0.9809, 0.9764, 0.9801, 0.9794, 0.9807, 0.9794, 0.981, 0.982, 0.9814, 0.9641, 0.9817, 0.981, 0.9822, 0.9806, 0.9823, 0.9811, 0.9812, 0.9813, 0.9808, 0.9734, 0.9812]	
Results: 	[0.9809, 0.9805, 0.976, 0.9814, 0.9797, 0.9817, 0.9809, 0.9764, 0.9801, 0.9794, 0.9807, 0.9794, 0.981, 0.982, 0.9814, 0.9641, 0.9817, 0.981, 0.9822, 0.9806, 0.9823, 0.9811, 0.9812, 0.9813, 0.9808, 0.9734, 0.9812, 0.9813]	
Results: 	[0.9809, 0.9805, 0.976, 0.9814, 0.9797, 0.9817, 0.9809, 0.9764, 0.9801, 0.9794, 0.9807, 0.9794, 0.981, 0.982, 0.9814, 0.9641, 0.9817, 0.981, 0.9822, 0.9806, 0.9823, 0.9811, 0.9812, 0.9813, 0.9808, 0.9734, 0.9812, 0.9813, 0.9736]	
Results: 	[0.9809, 0.9805, 0.976, 0.9814, 0.9797, 0.9817, 0.9809, 0.9764, 0.9801, 0.9794, 0.9807, 0.9794, 0.981, 0.982, 0.9814, 0.9641, 0.9817, 0.981, 0.9822, 0.9806, 0.9823, 0.9811, 0.9812, 0.9813, 0.9808, 0.9734, 0.9812, 0.9813, 0.9736, 0.9822]
30 Support Sets: (Mean:0.97965, SD:0.003736746694929822) | 	


