Results: 	[0.9186]	
Results: 	[0.9186, 0.922]	
Results: 	[0.9186, 0.922, 0.9203]	
Results: 	[0.9186, 0.922, 0.9203, 0.9209]	
Results: 	[0.9186, 0.922, 0.9203, 0.9209, 0.9234]	
Results: 	[0.9186, 0.922, 0.9203, 0.9209, 0.9234, 0.9258]	
Results: 	[0.9186, 0.922, 0.9203, 0.9209, 0.9234, 0.9258, 0.9217]	
Results: 	[0.9186, 0.922, 0.9203, 0.9209, 0.9234, 0.9258, 0.9217, 0.9223]	
Results: 	[0.9186, 0.922, 0.9203, 0.9209, 0.9234, 0.9258, 0.9217, 0.9223, 0.917]	
Results: 	[0.9186, 0.922, 0.9203, 0.9209, 0.9234, 0.9258, 0.9217, 0.9223, 0.917, 0.922]	
Results: 	[0.9186, 0.922, 0.9203, 0.9209, 0.9234, 0.9258, 0.9217, 0.9223, 0.917, 0.922, 0.9218]	
Results: 	[0.9186, 0.922, 0.9203, 0.9209, 0.9234, 0.9258, 0.9217, 0.9223, 0.917, 0.922, 0.9218, 0.9225]	
Results: 	[0.9186, 0.922, 0.9203, 0.9209, 0.9234, 0.9258, 0.9217, 0.9223, 0.917, 0.922, 0.9218, 0.9225, 0.9198]	
Results: 	[0.9186, 0.922, 0.9203, 0.9209, 0.9234, 0.9258, 0.9217, 0.9223, 0.917, 0.922, 0.9218, 0.9225, 0.9198, 0.921]	
Results: 	[0.9186, 0.922, 0.9203, 0.9209, 0.9234, 0.9258, 0.9217, 0.9223, 0.917, 0.922, 0.9218, 0.9225, 0.9198, 0.921, 0.9218]	
Results: 	[0.9186, 0.922, 0.9203, 0.9209, 0.9234, 0.9258, 0.9217, 0.9223, 0.917, 0.922, 0.9218, 0.9225, 0.9198, 0.921, 0.9218, 0.9218]	
Results: 	[0.9186, 0.922, 0.9203, 0.9209, 0.9234, 0.9258, 0.9217, 0.9223, 0.917, 0.922, 0.9218, 0.9225, 0.9198, 0.921, 0.9218, 0.9218, 0.9223]	
Results: 	[0.9186, 0.922, 0.9203, 0.9209, 0.9234, 0.9258, 0.9217, 0.9223, 0.917, 0.922, 0.9218, 0.9225, 0.9198, 0.921, 0.9218, 0.9218, 0.9223, 0.9198]	
Results: 	[0.9186, 0.922, 0.9203, 0.9209, 0.9234, 0.9258, 0.9217, 0.9223, 0.917, 0.922, 0.9218, 0.9225, 0.9198, 0.921, 0.9218, 0.9218, 0.9223, 0.9198, 0.9203]	
Results: 	[0.9186, 0.922, 0.9203, 0.9209, 0.9234, 0.9258, 0.9217, 0.9223, 0.917, 0.922, 0.9218, 0.9225, 0.9198, 0.921, 0.9218, 0.9218, 0.9223, 0.9198, 0.9203, 0.9221]	
Results: 	[0.9186, 0.922, 0.9203, 0.9209, 0.9234, 0.9258, 0.9217, 0.9223, 0.917, 0.922, 0.9218, 0.9225, 0.9198, 0.921, 0.9218, 0.9218, 0.9223, 0.9198, 0.9203, 0.9221, 0.9219]	
Results: 	[0.9186, 0.922, 0.9203, 0.9209, 0.9234, 0.9258, 0.9217, 0.9223, 0.917, 0.922, 0.9218, 0.9225, 0.9198, 0.921, 0.9218, 0.9218, 0.9223, 0.9198, 0.9203, 0.9221, 0.9219, 0.9189]	
Results: 	[0.9186, 0.922, 0.9203, 0.9209, 0.9234, 0.9258, 0.9217, 0.9223, 0.917, 0.922, 0.9218, 0.9225, 0.9198, 0.921, 0.9218, 0.9218, 0.9223, 0.9198, 0.9203, 0.9221, 0.9219, 0.9189, 0.9215]	
Results: 	[0.9186, 0.922, 0.9203, 0.9209, 0.9234, 0.9258, 0.9217, 0.9223, 0.917, 0.922, 0.9218, 0.9225, 0.9198, 0.921, 0.9218, 0.9218, 0.9223, 0.9198, 0.9203, 0.9221, 0.9219, 0.9189, 0.9215, 0.9217]	
Results: 	[0.9186, 0.922, 0.9203, 0.9209, 0.9234, 0.9258, 0.9217, 0.9223, 0.917, 0.922, 0.9218, 0.9225, 0.9198, 0.921, 0.9218, 0.9218, 0.9223, 0.9198, 0.9203, 0.9221, 0.9219, 0.9189, 0.9215, 0.9217, 0.9235]	
Results: 	[0.9186, 0.922, 0.9203, 0.9209, 0.9234, 0.9258, 0.9217, 0.9223, 0.917, 0.922, 0.9218, 0.9225, 0.9198, 0.921, 0.9218, 0.9218, 0.9223, 0.9198, 0.9203, 0.9221, 0.9219, 0.9189, 0.9215, 0.9217, 0.9235, 0.9228]	
Results: 	[0.9186, 0.922, 0.9203, 0.9209, 0.9234, 0.9258, 0.9217, 0.9223, 0.917, 0.922, 0.9218, 0.9225, 0.9198, 0.921, 0.9218, 0.9218, 0.9223, 0.9198, 0.9203, 0.9221, 0.9219, 0.9189, 0.9215, 0.9217, 0.9235, 0.9228, 0.9203]	
Results: 	[0.9186, 0.922, 0.9203, 0.9209, 0.9234, 0.9258, 0.9217, 0.9223, 0.917, 0.922, 0.9218, 0.9225, 0.9198, 0.921, 0.9218, 0.9218, 0.9223, 0.9198, 0.9203, 0.9221, 0.9219, 0.9189, 0.9215, 0.9217, 0.9235, 0.9228, 0.9203, 0.9185]	
Results: 	[0.9186, 0.922, 0.9203, 0.9209, 0.9234, 0.9258, 0.9217, 0.9223, 0.917, 0.922, 0.9218, 0.9225, 0.9198, 0.921, 0.9218, 0.9218, 0.9223, 0.9198, 0.9203, 0.9221, 0.9219, 0.9189, 0.9215, 0.9217, 0.9235, 0.9228, 0.9203, 0.9185, 0.9226]	
Results: 	[0.9186, 0.922, 0.9203, 0.9209, 0.9234, 0.9258, 0.9217, 0.9223, 0.917, 0.922, 0.9218, 0.9225, 0.9198, 0.921, 0.9218, 0.9218, 0.9223, 0.9198, 0.9203, 0.9221, 0.9219, 0.9189, 0.9215, 0.9217, 0.9235, 0.9228, 0.9203, 0.9185, 0.9226, 0.9207]
30 Support Sets: (Mean:0.92132, SD:0.0017365046144085091) | 	































