Results: 	[0.887]	
Results: 	[0.887, 0.8855]	
Results: 	[0.887, 0.8855, 0.8935]	
Results: 	[0.887, 0.8855, 0.8935, 0.8798]	
Results: 	[0.887, 0.8855, 0.8935, 0.8798, 0.9002]	
Results: 	[0.887, 0.8855, 0.8935, 0.8798, 0.9002, 0.895]	
Results: 	[0.887, 0.8855, 0.8935, 0.8798, 0.9002, 0.895, 0.881]	
Results: 	[0.887, 0.8855, 0.8935, 0.8798, 0.9002, 0.895, 0.881, 0.8927]	
Results: 	[0.887, 0.8855, 0.8935, 0.8798, 0.9002, 0.895, 0.881, 0.8927, 0.8959]	
Results: 	[0.887, 0.8855, 0.8935, 0.8798, 0.9002, 0.895, 0.881, 0.8927, 0.8959, 0.8918]	
Results: 	[0.887, 0.8855, 0.8935, 0.8798, 0.9002, 0.895, 0.881, 0.8927, 0.8959, 0.8918, 0.8895]	
Results: 	[0.887, 0.8855, 0.8935, 0.8798, 0.9002, 0.895, 0.881, 0.8927, 0.8959, 0.8918, 0.8895, 0.884]	
Results: 	[0.887, 0.8855, 0.8935, 0.8798, 0.9002, 0.895, 0.881, 0.8927, 0.8959, 0.8918, 0.8895, 0.884, 0.8898]	
Results: 	[0.887, 0.8855, 0.8935, 0.8798, 0.9002, 0.895, 0.881, 0.8927, 0.8959, 0.8918, 0.8895, 0.884, 0.8898, 0.8992]	
Results: 	[0.887, 0.8855, 0.8935, 0.8798, 0.9002, 0.895, 0.881, 0.8927, 0.8959, 0.8918, 0.8895, 0.884, 0.8898, 0.8992, 0.8887]	
Results: 	[0.887, 0.8855, 0.8935, 0.8798, 0.9002, 0.895, 0.881, 0.8927, 0.8959, 0.8918, 0.8895, 0.884, 0.8898, 0.8992, 0.8887, 0.8835]	
Results: 	[0.887, 0.8855, 0.8935, 0.8798, 0.9002, 0.895, 0.881, 0.8927, 0.8959, 0.8918, 0.8895, 0.884, 0.8898, 0.8992, 0.8887, 0.8835, 0.8918]	
Results: 	[0.887, 0.8855, 0.8935, 0.8798, 0.9002, 0.895, 0.881, 0.8927, 0.8959, 0.8918, 0.8895, 0.884, 0.8898, 0.8992, 0.8887, 0.8835, 0.8918, 0.8939]	
Results: 	[0.887, 0.8855, 0.8935, 0.8798, 0.9002, 0.895, 0.881, 0.8927, 0.8959, 0.8918, 0.8895, 0.884, 0.8898, 0.8992, 0.8887, 0.8835, 0.8918, 0.8939, 0.8872]	
Results: 	[0.887, 0.8855, 0.8935, 0.8798, 0.9002, 0.895, 0.881, 0.8927, 0.8959, 0.8918, 0.8895, 0.884, 0.8898, 0.8992, 0.8887, 0.8835, 0.8918, 0.8939, 0.8872, 0.881]	
Results: 	[0.887, 0.8855, 0.8935, 0.8798, 0.9002, 0.895, 0.881, 0.8927, 0.8959, 0.8918, 0.8895, 0.884, 0.8898, 0.8992, 0.8887, 0.8835, 0.8918, 0.8939, 0.8872, 0.881, 0.8597]	
Results: 	[0.887, 0.8855, 0.8935, 0.8798, 0.9002, 0.895, 0.881, 0.8927, 0.8959, 0.8918, 0.8895, 0.884, 0.8898, 0.8992, 0.8887, 0.8835, 0.8918, 0.8939, 0.8872, 0.881, 0.8597, 0.8848]	
Results: 	[0.887, 0.8855, 0.8935, 0.8798, 0.9002, 0.895, 0.881, 0.8927, 0.8959, 0.8918, 0.8895, 0.884, 0.8898, 0.8992, 0.8887, 0.8835, 0.8918, 0.8939, 0.8872, 0.881, 0.8597, 0.8848, 0.8842]	
Results: 	[0.887, 0.8855, 0.8935, 0.8798, 0.9002, 0.895, 0.881, 0.8927, 0.8959, 0.8918, 0.8895, 0.884, 0.8898, 0.8992, 0.8887, 0.8835, 0.8918, 0.8939, 0.8872, 0.881, 0.8597, 0.8848, 0.8842, 0.8902]	
Results: 	[0.887, 0.8855, 0.8935, 0.8798, 0.9002, 0.895, 0.881, 0.8927, 0.8959, 0.8918, 0.8895, 0.884, 0.8898, 0.8992, 0.8887, 0.8835, 0.8918, 0.8939, 0.8872, 0.881, 0.8597, 0.8848, 0.8842, 0.8902, 0.8908]	
Results: 	[0.887, 0.8855, 0.8935, 0.8798, 0.9002, 0.895, 0.881, 0.8927, 0.8959, 0.8918, 0.8895, 0.884, 0.8898, 0.8992, 0.8887, 0.8835, 0.8918, 0.8939, 0.8872, 0.881, 0.8597, 0.8848, 0.8842, 0.8902, 0.8908, 0.8912]	
Results: 	[0.887, 0.8855, 0.8935, 0.8798, 0.9002, 0.895, 0.881, 0.8927, 0.8959, 0.8918, 0.8895, 0.884, 0.8898, 0.8992, 0.8887, 0.8835, 0.8918, 0.8939, 0.8872, 0.881, 0.8597, 0.8848, 0.8842, 0.8902, 0.8908, 0.8912, 0.8879]	
Results: 	[0.887, 0.8855, 0.8935, 0.8798, 0.9002, 0.895, 0.881, 0.8927, 0.8959, 0.8918, 0.8895, 0.884, 0.8898, 0.8992, 0.8887, 0.8835, 0.8918, 0.8939, 0.8872, 0.881, 0.8597, 0.8848, 0.8842, 0.8902, 0.8908, 0.8912, 0.8879, 0.8939]	
Results: 	[0.887, 0.8855, 0.8935, 0.8798, 0.9002, 0.895, 0.881, 0.8927, 0.8959, 0.8918, 0.8895, 0.884, 0.8898, 0.8992, 0.8887, 0.8835, 0.8918, 0.8939, 0.8872, 0.881, 0.8597, 0.8848, 0.8842, 0.8902, 0.8908, 0.8912, 0.8879, 0.8939, 0.8896]	
Results: 	[0.887, 0.8855, 0.8935, 0.8798, 0.9002, 0.895, 0.881, 0.8927, 0.8959, 0.8918, 0.8895, 0.884, 0.8898, 0.8992, 0.8887, 0.8835, 0.8918, 0.8939, 0.8872, 0.881, 0.8597, 0.8848, 0.8842, 0.8902, 0.8908, 0.8912, 0.8879, 0.8939, 0.8896, 0.8824]
30 Support Sets: (Mean:0.88819, SD:0.007504543451389507) | 	

























