Results: 	[0.9008]	
Results: 	[0.9008, 0.7724]	
Results: 	[0.9008, 0.7724, 0.9038]	
Results: 	[0.9008, 0.7724, 0.9038, 0.9731]	
Results: 	[0.9008, 0.7724, 0.9038, 0.9731, 0.9603]	
Results: 	[0.9008, 0.7724, 0.9038, 0.9731, 0.9603, 0.9388]	
Results: 	[0.9008, 0.7724, 0.9038, 0.9731, 0.9603, 0.9388, 0.9422]	
Results: 	[0.9008, 0.7724, 0.9038, 0.9731, 0.9603, 0.9388, 0.9422, 0.7623]	
Results: 	[0.9008, 0.7724, 0.9038, 0.9731, 0.9603, 0.9388, 0.9422, 0.7623, 0.9619]	
Results: 	[0.9008, 0.7724, 0.9038, 0.9731, 0.9603, 0.9388, 0.9422, 0.7623, 0.9619, 0.9305]	
Results: 	[0.9008, 0.7724, 0.9038, 0.9731, 0.9603, 0.9388, 0.9422, 0.7623, 0.9619, 0.9305, 0.652]	
Results: 	[0.9008, 0.7724, 0.9038, 0.9731, 0.9603, 0.9388, 0.9422, 0.7623, 0.9619, 0.9305, 0.652, 0.9178]	
Results: 	[0.9008, 0.7724, 0.9038, 0.9731, 0.9603, 0.9388, 0.9422, 0.7623, 0.9619, 0.9305, 0.652, 0.9178, 0.7706]	
Results: 	[0.9008, 0.7724, 0.9038, 0.9731, 0.9603, 0.9388, 0.9422, 0.7623, 0.9619, 0.9305, 0.652, 0.9178, 0.7706, 0.9826]	
Results: 	[0.9008, 0.7724, 0.9038, 0.9731, 0.9603, 0.9388, 0.9422, 0.7623, 0.9619, 0.9305, 0.652, 0.9178, 0.7706, 0.9826, 0.7898]	
Results: 	[0.9008, 0.7724, 0.9038, 0.9731, 0.9603, 0.9388, 0.9422, 0.7623, 0.9619, 0.9305, 0.652, 0.9178, 0.7706, 0.9826, 0.7898, 0.8745]	
Results: 	[0.9008, 0.7724, 0.9038, 0.9731, 0.9603, 0.9388, 0.9422, 0.7623, 0.9619, 0.9305, 0.652, 0.9178, 0.7706, 0.9826, 0.7898, 0.8745, 0.9524]	
Results: 	[0.9008, 0.7724, 0.9038, 0.9731, 0.9603, 0.9388, 0.9422, 0.7623, 0.9619, 0.9305, 0.652, 0.9178, 0.7706, 0.9826, 0.7898, 0.8745, 0.9524, 0.8761]	
Results: 	[0.9008, 0.7724, 0.9038, 0.9731, 0.9603, 0.9388, 0.9422, 0.7623, 0.9619, 0.9305, 0.652, 0.9178, 0.7706, 0.9826, 0.7898, 0.8745, 0.9524, 0.8761, 0.9573]	
Results: 	[0.9008, 0.7724, 0.9038, 0.9731, 0.9603, 0.9388, 0.9422, 0.7623, 0.9619, 0.9305, 0.652, 0.9178, 0.7706, 0.9826, 0.7898, 0.8745, 0.9524, 0.8761, 0.9573, 0.9354]	
Results: 	[0.9008, 0.7724, 0.9038, 0.9731, 0.9603, 0.9388, 0.9422, 0.7623, 0.9619, 0.9305, 0.652, 0.9178, 0.7706, 0.9826, 0.7898, 0.8745, 0.9524, 0.8761, 0.9573, 0.9354, 0.8733]	
Results: 	[0.9008, 0.7724, 0.9038, 0.9731, 0.9603, 0.9388, 0.9422, 0.7623, 0.9619, 0.9305, 0.652, 0.9178, 0.7706, 0.9826, 0.7898, 0.8745, 0.9524, 0.8761, 0.9573, 0.9354, 0.8733, 0.7126]	
Results: 	[0.9008, 0.7724, 0.9038, 0.9731, 0.9603, 0.9388, 0.9422, 0.7623, 0.9619, 0.9305, 0.652, 0.9178, 0.7706, 0.9826, 0.7898, 0.8745, 0.9524, 0.8761, 0.9573, 0.9354, 0.8733, 0.7126, 0.8919]	
Results: 	[0.9008, 0.7724, 0.9038, 0.9731, 0.9603, 0.9388, 0.9422, 0.7623, 0.9619, 0.9305, 0.652, 0.9178, 0.7706, 0.9826, 0.7898, 0.8745, 0.9524, 0.8761, 0.9573, 0.9354, 0.8733, 0.7126, 0.8919, 0.7674]	
Results: 	[0.9008, 0.7724, 0.9038, 0.9731, 0.9603, 0.9388, 0.9422, 0.7623, 0.9619, 0.9305, 0.652, 0.9178, 0.7706, 0.9826, 0.7898, 0.8745, 0.9524, 0.8761, 0.9573, 0.9354, 0.8733, 0.7126, 0.8919, 0.7674, 0.942]	
Results: 	[0.9008, 0.7724, 0.9038, 0.9731, 0.9603, 0.9388, 0.9422, 0.7623, 0.9619, 0.9305, 0.652, 0.9178, 0.7706, 0.9826, 0.7898, 0.8745, 0.9524, 0.8761, 0.9573, 0.9354, 0.8733, 0.7126, 0.8919, 0.7674, 0.942, 0.8618]	
Results: 	[0.9008, 0.7724, 0.9038, 0.9731, 0.9603, 0.9388, 0.9422, 0.7623, 0.9619, 0.9305, 0.652, 0.9178, 0.7706, 0.9826, 0.7898, 0.8745, 0.9524, 0.8761, 0.9573, 0.9354, 0.8733, 0.7126, 0.8919, 0.7674, 0.942, 0.8618, 0.9183]	
Results: 	[0.9008, 0.7724, 0.9038, 0.9731, 0.9603, 0.9388, 0.9422, 0.7623, 0.9619, 0.9305, 0.652, 0.9178, 0.7706, 0.9826, 0.7898, 0.8745, 0.9524, 0.8761, 0.9573, 0.9354, 0.8733, 0.7126, 0.8919, 0.7674, 0.942, 0.8618, 0.9183, 0.744]	
Results: 	[0.9008, 0.7724, 0.9038, 0.9731, 0.9603, 0.9388, 0.9422, 0.7623, 0.9619, 0.9305, 0.652, 0.9178, 0.7706, 0.9826, 0.7898, 0.8745, 0.9524, 0.8761, 0.9573, 0.9354, 0.8733, 0.7126, 0.8919, 0.7674, 0.942, 0.8618, 0.9183, 0.744, 0.9194]	
Results: 	[0.9008, 0.7724, 0.9038, 0.9731, 0.9603, 0.9388, 0.9422, 0.7623, 0.9619, 0.9305, 0.652, 0.9178, 0.7706, 0.9826, 0.7898, 0.8745, 0.9524, 0.8761, 0.9573, 0.9354, 0.8733, 0.7126, 0.8919, 0.7674, 0.942, 0.8618, 0.9183, 0.744, 0.9194, 0.888]
30 Support Sets: (Mean:0.8757766666666666, SD:0.08761456611432998) | 	






































































