Results: 	[0.9374]	
Results: 	[0.9374, 0.921]	
Results: 	[0.9374, 0.921, 0.9371]	
Results: 	[0.9374, 0.921, 0.9371, 0.9169]	
Results: 	[0.9374, 0.921, 0.9371, 0.9169, 0.9379]	
Results: 	[0.9374, 0.921, 0.9371, 0.9169, 0.9379, 0.9202]	
Results: 	[0.9374, 0.921, 0.9371, 0.9169, 0.9379, 0.9202, 0.924]	
Results: 	[0.9374, 0.921, 0.9371, 0.9169, 0.9379, 0.9202, 0.924, 0.942]	
Results: 	[0.9374, 0.921, 0.9371, 0.9169, 0.9379, 0.9202, 0.924, 0.942, 0.9214]	
Results: 	[0.9374, 0.921, 0.9371, 0.9169, 0.9379, 0.9202, 0.924, 0.942, 0.9214, 0.9215]	
Results: 	[0.9374, 0.921, 0.9371, 0.9169, 0.9379, 0.9202, 0.924, 0.942, 0.9214, 0.9215, 0.9285]	
Results: 	[0.9374, 0.921, 0.9371, 0.9169, 0.9379, 0.9202, 0.924, 0.942, 0.9214, 0.9215, 0.9285, 0.9472]	
Results: 	[0.9374, 0.921, 0.9371, 0.9169, 0.9379, 0.9202, 0.924, 0.942, 0.9214, 0.9215, 0.9285, 0.9472, 0.9245]	
Results: 	[0.9374, 0.921, 0.9371, 0.9169, 0.9379, 0.9202, 0.924, 0.942, 0.9214, 0.9215, 0.9285, 0.9472, 0.9245, 0.9402]	
Results: 	[0.9374, 0.921, 0.9371, 0.9169, 0.9379, 0.9202, 0.924, 0.942, 0.9214, 0.9215, 0.9285, 0.9472, 0.9245, 0.9402, 0.9193]	
Results: 	[0.9374, 0.921, 0.9371, 0.9169, 0.9379, 0.9202, 0.924, 0.942, 0.9214, 0.9215, 0.9285, 0.9472, 0.9245, 0.9402, 0.9193, 0.9301]	
Results: 	[0.9374, 0.921, 0.9371, 0.9169, 0.9379, 0.9202, 0.924, 0.942, 0.9214, 0.9215, 0.9285, 0.9472, 0.9245, 0.9402, 0.9193, 0.9301, 0.9174]	
Results: 	[0.9374, 0.921, 0.9371, 0.9169, 0.9379, 0.9202, 0.924, 0.942, 0.9214, 0.9215, 0.9285, 0.9472, 0.9245, 0.9402, 0.9193, 0.9301, 0.9174, 0.9202]	
Results: 	[0.9374, 0.921, 0.9371, 0.9169, 0.9379, 0.9202, 0.924, 0.942, 0.9214, 0.9215, 0.9285, 0.9472, 0.9245, 0.9402, 0.9193, 0.9301, 0.9174, 0.9202, 0.9245]	
Results: 	[0.9374, 0.921, 0.9371, 0.9169, 0.9379, 0.9202, 0.924, 0.942, 0.9214, 0.9215, 0.9285, 0.9472, 0.9245, 0.9402, 0.9193, 0.9301, 0.9174, 0.9202, 0.9245, 0.923]	
Results: 	[0.9374, 0.921, 0.9371, 0.9169, 0.9379, 0.9202, 0.924, 0.942, 0.9214, 0.9215, 0.9285, 0.9472, 0.9245, 0.9402, 0.9193, 0.9301, 0.9174, 0.9202, 0.9245, 0.923, 0.9324]	
Results: 	[0.9374, 0.921, 0.9371, 0.9169, 0.9379, 0.9202, 0.924, 0.942, 0.9214, 0.9215, 0.9285, 0.9472, 0.9245, 0.9402, 0.9193, 0.9301, 0.9174, 0.9202, 0.9245, 0.923, 0.9324, 0.9234]	
Results: 	[0.9374, 0.921, 0.9371, 0.9169, 0.9379, 0.9202, 0.924, 0.942, 0.9214, 0.9215, 0.9285, 0.9472, 0.9245, 0.9402, 0.9193, 0.9301, 0.9174, 0.9202, 0.9245, 0.923, 0.9324, 0.9234, 0.925]	
Results: 	[0.9374, 0.921, 0.9371, 0.9169, 0.9379, 0.9202, 0.924, 0.942, 0.9214, 0.9215, 0.9285, 0.9472, 0.9245, 0.9402, 0.9193, 0.9301, 0.9174, 0.9202, 0.9245, 0.923, 0.9324, 0.9234, 0.925, 0.9306]	
Results: 	[0.9374, 0.921, 0.9371, 0.9169, 0.9379, 0.9202, 0.924, 0.942, 0.9214, 0.9215, 0.9285, 0.9472, 0.9245, 0.9402, 0.9193, 0.9301, 0.9174, 0.9202, 0.9245, 0.923, 0.9324, 0.9234, 0.925, 0.9306, 0.9193]	
Results: 	[0.9374, 0.921, 0.9371, 0.9169, 0.9379, 0.9202, 0.924, 0.942, 0.9214, 0.9215, 0.9285, 0.9472, 0.9245, 0.9402, 0.9193, 0.9301, 0.9174, 0.9202, 0.9245, 0.923, 0.9324, 0.9234, 0.925, 0.9306, 0.9193, 0.9389]	
Results: 	[0.9374, 0.921, 0.9371, 0.9169, 0.9379, 0.9202, 0.924, 0.942, 0.9214, 0.9215, 0.9285, 0.9472, 0.9245, 0.9402, 0.9193, 0.9301, 0.9174, 0.9202, 0.9245, 0.923, 0.9324, 0.9234, 0.925, 0.9306, 0.9193, 0.9389, 0.9269]	
Results: 	[0.9374, 0.921, 0.9371, 0.9169, 0.9379, 0.9202, 0.924, 0.942, 0.9214, 0.9215, 0.9285, 0.9472, 0.9245, 0.9402, 0.9193, 0.9301, 0.9174, 0.9202, 0.9245, 0.923, 0.9324, 0.9234, 0.925, 0.9306, 0.9193, 0.9389, 0.9269, 0.9202]	
Results: 	[0.9374, 0.921, 0.9371, 0.9169, 0.9379, 0.9202, 0.924, 0.942, 0.9214, 0.9215, 0.9285, 0.9472, 0.9245, 0.9402, 0.9193, 0.9301, 0.9174, 0.9202, 0.9245, 0.923, 0.9324, 0.9234, 0.925, 0.9306, 0.9193, 0.9389, 0.9269, 0.9202, 0.9259]	
Results: 	[0.9374, 0.921, 0.9371, 0.9169, 0.9379, 0.9202, 0.924, 0.942, 0.9214, 0.9215, 0.9285, 0.9472, 0.9245, 0.9402, 0.9193, 0.9301, 0.9174, 0.9202, 0.9245, 0.923, 0.9324, 0.9234, 0.925, 0.9306, 0.9193, 0.9389, 0.9269, 0.9202, 0.9259, 0.9231]
30 Support Sets: (Mean:0.9273333333333333, SD:0.008196901573295775) | 	

