Results: 	[0.956]	
Results: 	[0.956, 0.9593]	
Results: 	[0.956, 0.9593, 0.9569]	
Results: 	[0.956, 0.9593, 0.9569, 0.9516]	
Results: 	[0.956, 0.9593, 0.9569, 0.9516, 0.9595]	
Results: 	[0.956, 0.9593, 0.9569, 0.9516, 0.9595, 0.9548]	
Results: 	[0.956, 0.9593, 0.9569, 0.9516, 0.9595, 0.9548, 0.9632]	
Results: 	[0.956, 0.9593, 0.9569, 0.9516, 0.9595, 0.9548, 0.9632, 0.9615]	
Results: 	[0.956, 0.9593, 0.9569, 0.9516, 0.9595, 0.9548, 0.9632, 0.9615, 0.9665]	
Results: 	[0.956, 0.9593, 0.9569, 0.9516, 0.9595, 0.9548, 0.9632, 0.9615, 0.9665, 0.9555]	
Results: 	[0.956, 0.9593, 0.9569, 0.9516, 0.9595, 0.9548, 0.9632, 0.9615, 0.9665, 0.9555, 0.9551]	
Results: 	[0.956, 0.9593, 0.9569, 0.9516, 0.9595, 0.9548, 0.9632, 0.9615, 0.9665, 0.9555, 0.9551, 0.9608]	
Results: 	[0.956, 0.9593, 0.9569, 0.9516, 0.9595, 0.9548, 0.9632, 0.9615, 0.9665, 0.9555, 0.9551, 0.9608, 0.9619]	
Results: 	[0.956, 0.9593, 0.9569, 0.9516, 0.9595, 0.9548, 0.9632, 0.9615, 0.9665, 0.9555, 0.9551, 0.9608, 0.9619, 0.965]	
Results: 	[0.956, 0.9593, 0.9569, 0.9516, 0.9595, 0.9548, 0.9632, 0.9615, 0.9665, 0.9555, 0.9551, 0.9608, 0.9619, 0.965, 0.9627]	
Results: 	[0.956, 0.9593, 0.9569, 0.9516, 0.9595, 0.9548, 0.9632, 0.9615, 0.9665, 0.9555, 0.9551, 0.9608, 0.9619, 0.965, 0.9627, 0.9552]	
Results: 	[0.956, 0.9593, 0.9569, 0.9516, 0.9595, 0.9548, 0.9632, 0.9615, 0.9665, 0.9555, 0.9551, 0.9608, 0.9619, 0.965, 0.9627, 0.9552, 0.9592]	
Results: 	[0.956, 0.9593, 0.9569, 0.9516, 0.9595, 0.9548, 0.9632, 0.9615, 0.9665, 0.9555, 0.9551, 0.9608, 0.9619, 0.965, 0.9627, 0.9552, 0.9592, 0.9544]	
Results: 	[0.956, 0.9593, 0.9569, 0.9516, 0.9595, 0.9548, 0.9632, 0.9615, 0.9665, 0.9555, 0.9551, 0.9608, 0.9619, 0.965, 0.9627, 0.9552, 0.9592, 0.9544, 0.9602]	
Results: 	[0.956, 0.9593, 0.9569, 0.9516, 0.9595, 0.9548, 0.9632, 0.9615, 0.9665, 0.9555, 0.9551, 0.9608, 0.9619, 0.965, 0.9627, 0.9552, 0.9592, 0.9544, 0.9602, 0.9566]	
Results: 	[0.956, 0.9593, 0.9569, 0.9516, 0.9595, 0.9548, 0.9632, 0.9615, 0.9665, 0.9555, 0.9551, 0.9608, 0.9619, 0.965, 0.9627, 0.9552, 0.9592, 0.9544, 0.9602, 0.9566, 0.9602]	
Results: 	[0.956, 0.9593, 0.9569, 0.9516, 0.9595, 0.9548, 0.9632, 0.9615, 0.9665, 0.9555, 0.9551, 0.9608, 0.9619, 0.965, 0.9627, 0.9552, 0.9592, 0.9544, 0.9602, 0.9566, 0.9602, 0.959]	
Results: 	[0.956, 0.9593, 0.9569, 0.9516, 0.9595, 0.9548, 0.9632, 0.9615, 0.9665, 0.9555, 0.9551, 0.9608, 0.9619, 0.965, 0.9627, 0.9552, 0.9592, 0.9544, 0.9602, 0.9566, 0.9602, 0.959, 0.9617]	
Results: 	[0.956, 0.9593, 0.9569, 0.9516, 0.9595, 0.9548, 0.9632, 0.9615, 0.9665, 0.9555, 0.9551, 0.9608, 0.9619, 0.965, 0.9627, 0.9552, 0.9592, 0.9544, 0.9602, 0.9566, 0.9602, 0.959, 0.9617, 0.9592]	
Results: 	[0.956, 0.9593, 0.9569, 0.9516, 0.9595, 0.9548, 0.9632, 0.9615, 0.9665, 0.9555, 0.9551, 0.9608, 0.9619, 0.965, 0.9627, 0.9552, 0.9592, 0.9544, 0.9602, 0.9566, 0.9602, 0.959, 0.9617, 0.9592, 0.9584]	
Results: 	[0.956, 0.9593, 0.9569, 0.9516, 0.9595, 0.9548, 0.9632, 0.9615, 0.9665, 0.9555, 0.9551, 0.9608, 0.9619, 0.965, 0.9627, 0.9552, 0.9592, 0.9544, 0.9602, 0.9566, 0.9602, 0.959, 0.9617, 0.9592, 0.9584, 0.9599]	
Results: 	[0.956, 0.9593, 0.9569, 0.9516, 0.9595, 0.9548, 0.9632, 0.9615, 0.9665, 0.9555, 0.9551, 0.9608, 0.9619, 0.965, 0.9627, 0.9552, 0.9592, 0.9544, 0.9602, 0.9566, 0.9602, 0.959, 0.9617, 0.9592, 0.9584, 0.9599, 0.9602]	
Results: 	[0.956, 0.9593, 0.9569, 0.9516, 0.9595, 0.9548, 0.9632, 0.9615, 0.9665, 0.9555, 0.9551, 0.9608, 0.9619, 0.965, 0.9627, 0.9552, 0.9592, 0.9544, 0.9602, 0.9566, 0.9602, 0.959, 0.9617, 0.9592, 0.9584, 0.9599, 0.9602, 0.9572]	
Results: 	[0.956, 0.9593, 0.9569, 0.9516, 0.9595, 0.9548, 0.9632, 0.9615, 0.9665, 0.9555, 0.9551, 0.9608, 0.9619, 0.965, 0.9627, 0.9552, 0.9592, 0.9544, 0.9602, 0.9566, 0.9602, 0.959, 0.9617, 0.9592, 0.9584, 0.9599, 0.9602, 0.9572, 0.9575]	
Results: 	[0.956, 0.9593, 0.9569, 0.9516, 0.9595, 0.9548, 0.9632, 0.9615, 0.9665, 0.9555, 0.9551, 0.9608, 0.9619, 0.965, 0.9627, 0.9552, 0.9592, 0.9544, 0.9602, 0.9566, 0.9602, 0.959, 0.9617, 0.9592, 0.9584, 0.9599, 0.9602, 0.9572, 0.9575, 0.9612]
30 Support Sets: (Mean:0.9590133333333334, SD:0.0033199224475085657) | 	



