Results: 	[0.8629]	
Results: 	[0.8629, 0.8599]	
Results: 	[0.8629, 0.8599, 0.8646]	
Results: 	[0.8629, 0.8599, 0.8646, 0.8616]	
Results: 	[0.8629, 0.8599, 0.8646, 0.8616, 0.8605]	
Results: 	[0.8629, 0.8599, 0.8646, 0.8616, 0.8605, 0.8636]	
Results: 	[0.8629, 0.8599, 0.8646, 0.8616, 0.8605, 0.8636, 0.8633]	
Results: 	[0.8629, 0.8599, 0.8646, 0.8616, 0.8605, 0.8636, 0.8633, 0.8597]	
Results: 	[0.8629, 0.8599, 0.8646, 0.8616, 0.8605, 0.8636, 0.8633, 0.8597, 0.861]	
Results: 	[0.8629, 0.8599, 0.8646, 0.8616, 0.8605, 0.8636, 0.8633, 0.8597, 0.861, 0.8616]	
Results: 	[0.8629, 0.8599, 0.8646, 0.8616, 0.8605, 0.8636, 0.8633, 0.8597, 0.861, 0.8616, 0.8627]	
Results: 	[0.8629, 0.8599, 0.8646, 0.8616, 0.8605, 0.8636, 0.8633, 0.8597, 0.861, 0.8616, 0.8627, 0.8629]	
Results: 	[0.8629, 0.8599, 0.8646, 0.8616, 0.8605, 0.8636, 0.8633, 0.8597, 0.861, 0.8616, 0.8627, 0.8629, 0.8637]	
Results: 	[0.8629, 0.8599, 0.8646, 0.8616, 0.8605, 0.8636, 0.8633, 0.8597, 0.861, 0.8616, 0.8627, 0.8629, 0.8637, 0.8627]	
Results: 	[0.8629, 0.8599, 0.8646, 0.8616, 0.8605, 0.8636, 0.8633, 0.8597, 0.861, 0.8616, 0.8627, 0.8629, 0.8637, 0.8627, 0.8611]	
Results: 	[0.8629, 0.8599, 0.8646, 0.8616, 0.8605, 0.8636, 0.8633, 0.8597, 0.861, 0.8616, 0.8627, 0.8629, 0.8637, 0.8627, 0.8611, 0.8631]	
Results: 	[0.8629, 0.8599, 0.8646, 0.8616, 0.8605, 0.8636, 0.8633, 0.8597, 0.861, 0.8616, 0.8627, 0.8629, 0.8637, 0.8627, 0.8611, 0.8631, 0.8612]	
Results: 	[0.8629, 0.8599, 0.8646, 0.8616, 0.8605, 0.8636, 0.8633, 0.8597, 0.861, 0.8616, 0.8627, 0.8629, 0.8637, 0.8627, 0.8611, 0.8631, 0.8612, 0.8603]	
Results: 	[0.8629, 0.8599, 0.8646, 0.8616, 0.8605, 0.8636, 0.8633, 0.8597, 0.861, 0.8616, 0.8627, 0.8629, 0.8637, 0.8627, 0.8611, 0.8631, 0.8612, 0.8603, 0.8624]	
Results: 	[0.8629, 0.8599, 0.8646, 0.8616, 0.8605, 0.8636, 0.8633, 0.8597, 0.861, 0.8616, 0.8627, 0.8629, 0.8637, 0.8627, 0.8611, 0.8631, 0.8612, 0.8603, 0.8624, 0.8635]	
Results: 	[0.8629, 0.8599, 0.8646, 0.8616, 0.8605, 0.8636, 0.8633, 0.8597, 0.861, 0.8616, 0.8627, 0.8629, 0.8637, 0.8627, 0.8611, 0.8631, 0.8612, 0.8603, 0.8624, 0.8635, 0.8581]	
Results: 	[0.8629, 0.8599, 0.8646, 0.8616, 0.8605, 0.8636, 0.8633, 0.8597, 0.861, 0.8616, 0.8627, 0.8629, 0.8637, 0.8627, 0.8611, 0.8631, 0.8612, 0.8603, 0.8624, 0.8635, 0.8581, 0.8626]	
Results: 	[0.8629, 0.8599, 0.8646, 0.8616, 0.8605, 0.8636, 0.8633, 0.8597, 0.861, 0.8616, 0.8627, 0.8629, 0.8637, 0.8627, 0.8611, 0.8631, 0.8612, 0.8603, 0.8624, 0.8635, 0.8581, 0.8626, 0.8577]	
Results: 	[0.8629, 0.8599, 0.8646, 0.8616, 0.8605, 0.8636, 0.8633, 0.8597, 0.861, 0.8616, 0.8627, 0.8629, 0.8637, 0.8627, 0.8611, 0.8631, 0.8612, 0.8603, 0.8624, 0.8635, 0.8581, 0.8626, 0.8577, 0.8586]	
Results: 	[0.8629, 0.8599, 0.8646, 0.8616, 0.8605, 0.8636, 0.8633, 0.8597, 0.861, 0.8616, 0.8627, 0.8629, 0.8637, 0.8627, 0.8611, 0.8631, 0.8612, 0.8603, 0.8624, 0.8635, 0.8581, 0.8626, 0.8577, 0.8586, 0.8619]	
Results: 	[0.8629, 0.8599, 0.8646, 0.8616, 0.8605, 0.8636, 0.8633, 0.8597, 0.861, 0.8616, 0.8627, 0.8629, 0.8637, 0.8627, 0.8611, 0.8631, 0.8612, 0.8603, 0.8624, 0.8635, 0.8581, 0.8626, 0.8577, 0.8586, 0.8619, 0.8618]	
Results: 	[0.8629, 0.8599, 0.8646, 0.8616, 0.8605, 0.8636, 0.8633, 0.8597, 0.861, 0.8616, 0.8627, 0.8629, 0.8637, 0.8627, 0.8611, 0.8631, 0.8612, 0.8603, 0.8624, 0.8635, 0.8581, 0.8626, 0.8577, 0.8586, 0.8619, 0.8618, 0.8608]	
Results: 	[0.8629, 0.8599, 0.8646, 0.8616, 0.8605, 0.8636, 0.8633, 0.8597, 0.861, 0.8616, 0.8627, 0.8629, 0.8637, 0.8627, 0.8611, 0.8631, 0.8612, 0.8603, 0.8624, 0.8635, 0.8581, 0.8626, 0.8577, 0.8586, 0.8619, 0.8618, 0.8608, 0.8594]	
Results: 	[0.8629, 0.8599, 0.8646, 0.8616, 0.8605, 0.8636, 0.8633, 0.8597, 0.861, 0.8616, 0.8627, 0.8629, 0.8637, 0.8627, 0.8611, 0.8631, 0.8612, 0.8603, 0.8624, 0.8635, 0.8581, 0.8626, 0.8577, 0.8586, 0.8619, 0.8618, 0.8608, 0.8594, 0.8573]	
Results: 	[0.8629, 0.8599, 0.8646, 0.8616, 0.8605, 0.8636, 0.8633, 0.8597, 0.861, 0.8616, 0.8627, 0.8629, 0.8637, 0.8627, 0.8611, 0.8631, 0.8612, 0.8603, 0.8624, 0.8635, 0.8581, 0.8626, 0.8577, 0.8586, 0.8619, 0.8618, 0.8608, 0.8594, 0.8573, 0.8615]
30 Support Sets: (Mean:0.8614, SD:0.0018858822137498303) | 	


















