Results: 	[0.9227]	
Results: 	[0.9227, 0.928]	
Results: 	[0.9227, 0.928, 0.9241]	
Results: 	[0.9227, 0.928, 0.9241, 0.9234]	
Results: 	[0.9227, 0.928, 0.9241, 0.9234, 0.9231]	
Results: 	[0.9227, 0.928, 0.9241, 0.9234, 0.9231, 0.9228]	
Results: 	[0.9227, 0.928, 0.9241, 0.9234, 0.9231, 0.9228, 0.9234]	
Results: 	[0.9227, 0.928, 0.9241, 0.9234, 0.9231, 0.9228, 0.9234, 0.9196]	
Results: 	[0.9227, 0.928, 0.9241, 0.9234, 0.9231, 0.9228, 0.9234, 0.9196, 0.9239]	
Results: 	[0.9227, 0.928, 0.9241, 0.9234, 0.9231, 0.9228, 0.9234, 0.9196, 0.9239, 0.924]	
Results: 	[0.9227, 0.928, 0.9241, 0.9234, 0.9231, 0.9228, 0.9234, 0.9196, 0.9239, 0.924, 0.9225]	
Results: 	[0.9227, 0.928, 0.9241, 0.9234, 0.9231, 0.9228, 0.9234, 0.9196, 0.9239, 0.924, 0.9225, 0.925]	
Results: 	[0.9227, 0.928, 0.9241, 0.9234, 0.9231, 0.9228, 0.9234, 0.9196, 0.9239, 0.924, 0.9225, 0.925, 0.9203]	
Results: 	[0.9227, 0.928, 0.9241, 0.9234, 0.9231, 0.9228, 0.9234, 0.9196, 0.9239, 0.924, 0.9225, 0.925, 0.9203, 0.9216]	
Results: 	[0.9227, 0.928, 0.9241, 0.9234, 0.9231, 0.9228, 0.9234, 0.9196, 0.9239, 0.924, 0.9225, 0.925, 0.9203, 0.9216, 0.9267]	
Results: 	[0.9227, 0.928, 0.9241, 0.9234, 0.9231, 0.9228, 0.9234, 0.9196, 0.9239, 0.924, 0.9225, 0.925, 0.9203, 0.9216, 0.9267, 0.913]	
Results: 	[0.9227, 0.928, 0.9241, 0.9234, 0.9231, 0.9228, 0.9234, 0.9196, 0.9239, 0.924, 0.9225, 0.925, 0.9203, 0.9216, 0.9267, 0.913, 0.9252]	
Results: 	[0.9227, 0.928, 0.9241, 0.9234, 0.9231, 0.9228, 0.9234, 0.9196, 0.9239, 0.924, 0.9225, 0.925, 0.9203, 0.9216, 0.9267, 0.913, 0.9252, 0.9233]	
Results: 	[0.9227, 0.928, 0.9241, 0.9234, 0.9231, 0.9228, 0.9234, 0.9196, 0.9239, 0.924, 0.9225, 0.925, 0.9203, 0.9216, 0.9267, 0.913, 0.9252, 0.9233, 0.922]	
Results: 	[0.9227, 0.928, 0.9241, 0.9234, 0.9231, 0.9228, 0.9234, 0.9196, 0.9239, 0.924, 0.9225, 0.925, 0.9203, 0.9216, 0.9267, 0.913, 0.9252, 0.9233, 0.922, 0.9234]	
Results: 	[0.9227, 0.928, 0.9241, 0.9234, 0.9231, 0.9228, 0.9234, 0.9196, 0.9239, 0.924, 0.9225, 0.925, 0.9203, 0.9216, 0.9267, 0.913, 0.9252, 0.9233, 0.922, 0.9234, 0.9256]	
Results: 	[0.9227, 0.928, 0.9241, 0.9234, 0.9231, 0.9228, 0.9234, 0.9196, 0.9239, 0.924, 0.9225, 0.925, 0.9203, 0.9216, 0.9267, 0.913, 0.9252, 0.9233, 0.922, 0.9234, 0.9256, 0.9271]	
Results: 	[0.9227, 0.928, 0.9241, 0.9234, 0.9231, 0.9228, 0.9234, 0.9196, 0.9239, 0.924, 0.9225, 0.925, 0.9203, 0.9216, 0.9267, 0.913, 0.9252, 0.9233, 0.922, 0.9234, 0.9256, 0.9271, 0.9248]	
Results: 	[0.9227, 0.928, 0.9241, 0.9234, 0.9231, 0.9228, 0.9234, 0.9196, 0.9239, 0.924, 0.9225, 0.925, 0.9203, 0.9216, 0.9267, 0.913, 0.9252, 0.9233, 0.922, 0.9234, 0.9256, 0.9271, 0.9248, 0.9115]	
Results: 	[0.9227, 0.928, 0.9241, 0.9234, 0.9231, 0.9228, 0.9234, 0.9196, 0.9239, 0.924, 0.9225, 0.925, 0.9203, 0.9216, 0.9267, 0.913, 0.9252, 0.9233, 0.922, 0.9234, 0.9256, 0.9271, 0.9248, 0.9115, 0.9228]	
Results: 	[0.9227, 0.928, 0.9241, 0.9234, 0.9231, 0.9228, 0.9234, 0.9196, 0.9239, 0.924, 0.9225, 0.925, 0.9203, 0.9216, 0.9267, 0.913, 0.9252, 0.9233, 0.922, 0.9234, 0.9256, 0.9271, 0.9248, 0.9115, 0.9228, 0.9237]	
Results: 	[0.9227, 0.928, 0.9241, 0.9234, 0.9231, 0.9228, 0.9234, 0.9196, 0.9239, 0.924, 0.9225, 0.925, 0.9203, 0.9216, 0.9267, 0.913, 0.9252, 0.9233, 0.922, 0.9234, 0.9256, 0.9271, 0.9248, 0.9115, 0.9228, 0.9237, 0.9282]	
Results: 	[0.9227, 0.928, 0.9241, 0.9234, 0.9231, 0.9228, 0.9234, 0.9196, 0.9239, 0.924, 0.9225, 0.925, 0.9203, 0.9216, 0.9267, 0.913, 0.9252, 0.9233, 0.922, 0.9234, 0.9256, 0.9271, 0.9248, 0.9115, 0.9228, 0.9237, 0.9282, 0.8794]	
Results: 	[0.9227, 0.928, 0.9241, 0.9234, 0.9231, 0.9228, 0.9234, 0.9196, 0.9239, 0.924, 0.9225, 0.925, 0.9203, 0.9216, 0.9267, 0.913, 0.9252, 0.9233, 0.922, 0.9234, 0.9256, 0.9271, 0.9248, 0.9115, 0.9228, 0.9237, 0.9282, 0.8794, 0.923]	
Results: 	[0.9227, 0.928, 0.9241, 0.9234, 0.9231, 0.9228, 0.9234, 0.9196, 0.9239, 0.924, 0.9225, 0.925, 0.9203, 0.9216, 0.9267, 0.913, 0.9252, 0.9233, 0.922, 0.9234, 0.9256, 0.9271, 0.9248, 0.9115, 0.9228, 0.9237, 0.9282, 0.8794, 0.923, 0.9231]
30 Support Sets: (Mean:0.9215733333333334, SD:0.00870960363060794) | 	




































