Results: 	[0.9412]	
Results: 	[0.9412, 0.9738]	
Results: 	[0.9412, 0.9738, 0.9691]	
Results: 	[0.9412, 0.9738, 0.9691, 0.9669]	
Results: 	[0.9412, 0.9738, 0.9691, 0.9669, 0.9826]	
Results: 	[0.9412, 0.9738, 0.9691, 0.9669, 0.9826, 0.9753]	
Results: 	[0.9412, 0.9738, 0.9691, 0.9669, 0.9826, 0.9753, 0.9877]	
Results: 	[0.9412, 0.9738, 0.9691, 0.9669, 0.9826, 0.9753, 0.9877, 0.9603]	
Results: 	[0.9412, 0.9738, 0.9691, 0.9669, 0.9826, 0.9753, 0.9877, 0.9603, 0.965]	
Results: 	[0.9412, 0.9738, 0.9691, 0.9669, 0.9826, 0.9753, 0.9877, 0.9603, 0.965, 0.9702]	
Results: 	[0.9412, 0.9738, 0.9691, 0.9669, 0.9826, 0.9753, 0.9877, 0.9603, 0.965, 0.9702, 0.9844]	
Results: 	[0.9412, 0.9738, 0.9691, 0.9669, 0.9826, 0.9753, 0.9877, 0.9603, 0.965, 0.9702, 0.9844, 0.9788]	
Results: 	[0.9412, 0.9738, 0.9691, 0.9669, 0.9826, 0.9753, 0.9877, 0.9603, 0.965, 0.9702, 0.9844, 0.9788, 0.9594]	
Results: 	[0.9412, 0.9738, 0.9691, 0.9669, 0.9826, 0.9753, 0.9877, 0.9603, 0.965, 0.9702, 0.9844, 0.9788, 0.9594, 0.9678]	
Results: 	[0.9412, 0.9738, 0.9691, 0.9669, 0.9826, 0.9753, 0.9877, 0.9603, 0.965, 0.9702, 0.9844, 0.9788, 0.9594, 0.9678, 0.9722]	
Results: 	[0.9412, 0.9738, 0.9691, 0.9669, 0.9826, 0.9753, 0.9877, 0.9603, 0.965, 0.9702, 0.9844, 0.9788, 0.9594, 0.9678, 0.9722, 0.9713]	
Results: 	[0.9412, 0.9738, 0.9691, 0.9669, 0.9826, 0.9753, 0.9877, 0.9603, 0.965, 0.9702, 0.9844, 0.9788, 0.9594, 0.9678, 0.9722, 0.9713, 0.9694]	
Results: 	[0.9412, 0.9738, 0.9691, 0.9669, 0.9826, 0.9753, 0.9877, 0.9603, 0.965, 0.9702, 0.9844, 0.9788, 0.9594, 0.9678, 0.9722, 0.9713, 0.9694, 0.9619]	
Results: 	[0.9412, 0.9738, 0.9691, 0.9669, 0.9826, 0.9753, 0.9877, 0.9603, 0.965, 0.9702, 0.9844, 0.9788, 0.9594, 0.9678, 0.9722, 0.9713, 0.9694, 0.9619, 0.9782]	
Results: 	[0.9412, 0.9738, 0.9691, 0.9669, 0.9826, 0.9753, 0.9877, 0.9603, 0.965, 0.9702, 0.9844, 0.9788, 0.9594, 0.9678, 0.9722, 0.9713, 0.9694, 0.9619, 0.9782, 0.9729]	
Results: 	[0.9412, 0.9738, 0.9691, 0.9669, 0.9826, 0.9753, 0.9877, 0.9603, 0.965, 0.9702, 0.9844, 0.9788, 0.9594, 0.9678, 0.9722, 0.9713, 0.9694, 0.9619, 0.9782, 0.9729, 0.9868]	
Results: 	[0.9412, 0.9738, 0.9691, 0.9669, 0.9826, 0.9753, 0.9877, 0.9603, 0.965, 0.9702, 0.9844, 0.9788, 0.9594, 0.9678, 0.9722, 0.9713, 0.9694, 0.9619, 0.9782, 0.9729, 0.9868, 0.9731]	
Results: 	[0.9412, 0.9738, 0.9691, 0.9669, 0.9826, 0.9753, 0.9877, 0.9603, 0.965, 0.9702, 0.9844, 0.9788, 0.9594, 0.9678, 0.9722, 0.9713, 0.9694, 0.9619, 0.9782, 0.9729, 0.9868, 0.9731, 0.9696]	
Results: 	[0.9412, 0.9738, 0.9691, 0.9669, 0.9826, 0.9753, 0.9877, 0.9603, 0.965, 0.9702, 0.9844, 0.9788, 0.9594, 0.9678, 0.9722, 0.9713, 0.9694, 0.9619, 0.9782, 0.9729, 0.9868, 0.9731, 0.9696, 0.9795]	
Results: 	[0.9412, 0.9738, 0.9691, 0.9669, 0.9826, 0.9753, 0.9877, 0.9603, 0.965, 0.9702, 0.9844, 0.9788, 0.9594, 0.9678, 0.9722, 0.9713, 0.9694, 0.9619, 0.9782, 0.9729, 0.9868, 0.9731, 0.9696, 0.9795, 0.9619]	
Results: 	[0.9412, 0.9738, 0.9691, 0.9669, 0.9826, 0.9753, 0.9877, 0.9603, 0.965, 0.9702, 0.9844, 0.9788, 0.9594, 0.9678, 0.9722, 0.9713, 0.9694, 0.9619, 0.9782, 0.9729, 0.9868, 0.9731, 0.9696, 0.9795, 0.9619, 0.9819]	
Results: 	[0.9412, 0.9738, 0.9691, 0.9669, 0.9826, 0.9753, 0.9877, 0.9603, 0.965, 0.9702, 0.9844, 0.9788, 0.9594, 0.9678, 0.9722, 0.9713, 0.9694, 0.9619, 0.9782, 0.9729, 0.9868, 0.9731, 0.9696, 0.9795, 0.9619, 0.9819, 0.965]	
Results: 	[0.9412, 0.9738, 0.9691, 0.9669, 0.9826, 0.9753, 0.9877, 0.9603, 0.965, 0.9702, 0.9844, 0.9788, 0.9594, 0.9678, 0.9722, 0.9713, 0.9694, 0.9619, 0.9782, 0.9729, 0.9868, 0.9731, 0.9696, 0.9795, 0.9619, 0.9819, 0.965, 0.9484]	
Results: 	[0.9412, 0.9738, 0.9691, 0.9669, 0.9826, 0.9753, 0.9877, 0.9603, 0.965, 0.9702, 0.9844, 0.9788, 0.9594, 0.9678, 0.9722, 0.9713, 0.9694, 0.9619, 0.9782, 0.9729, 0.9868, 0.9731, 0.9696, 0.9795, 0.9619, 0.9819, 0.965, 0.9484, 0.9762]	
Results: 	[0.9412, 0.9738, 0.9691, 0.9669, 0.9826, 0.9753, 0.9877, 0.9603, 0.965, 0.9702, 0.9844, 0.9788, 0.9594, 0.9678, 0.9722, 0.9713, 0.9694, 0.9619, 0.9782, 0.9729, 0.9868, 0.9731, 0.9696, 0.9795, 0.9619, 0.9819, 0.965, 0.9484, 0.9762, 0.9729]
30 Support Sets: (Mean:0.97079, SD:0.010393776320803547) | 	


