Results: 	[0.8902]	
Results: 	[0.8902, 0.9095]	
Results: 	[0.8902, 0.9095, 0.8986]	
Results: 	[0.8902, 0.9095, 0.8986, 0.9085]	
Results: 	[0.8902, 0.9095, 0.8986, 0.9085, 0.896]	
Results: 	[0.8902, 0.9095, 0.8986, 0.9085, 0.896, 0.8975]	
Results: 	[0.8902, 0.9095, 0.8986, 0.9085, 0.896, 0.8975, 0.9002]	
Results: 	[0.8902, 0.9095, 0.8986, 0.9085, 0.896, 0.8975, 0.9002, 0.8971]	
Results: 	[0.8902, 0.9095, 0.8986, 0.9085, 0.896, 0.8975, 0.9002, 0.8971, 0.9049]	
Results: 	[0.8902, 0.9095, 0.8986, 0.9085, 0.896, 0.8975, 0.9002, 0.8971, 0.9049, 0.9008]	
Results: 	[0.8902, 0.9095, 0.8986, 0.9085, 0.896, 0.8975, 0.9002, 0.8971, 0.9049, 0.9008, 0.8906]	
Results: 	[0.8902, 0.9095, 0.8986, 0.9085, 0.896, 0.8975, 0.9002, 0.8971, 0.9049, 0.9008, 0.8906, 0.9069]	
Results: 	[0.8902, 0.9095, 0.8986, 0.9085, 0.896, 0.8975, 0.9002, 0.8971, 0.9049, 0.9008, 0.8906, 0.9069, 0.9077]	
Results: 	[0.8902, 0.9095, 0.8986, 0.9085, 0.896, 0.8975, 0.9002, 0.8971, 0.9049, 0.9008, 0.8906, 0.9069, 0.9077, 0.8915]	
Results: 	[0.8902, 0.9095, 0.8986, 0.9085, 0.896, 0.8975, 0.9002, 0.8971, 0.9049, 0.9008, 0.8906, 0.9069, 0.9077, 0.8915, 0.8988]	
Results: 	[0.8902, 0.9095, 0.8986, 0.9085, 0.896, 0.8975, 0.9002, 0.8971, 0.9049, 0.9008, 0.8906, 0.9069, 0.9077, 0.8915, 0.8988, 0.9179]	
Results: 	[0.8902, 0.9095, 0.8986, 0.9085, 0.896, 0.8975, 0.9002, 0.8971, 0.9049, 0.9008, 0.8906, 0.9069, 0.9077, 0.8915, 0.8988, 0.9179, 0.8998]	
Results: 	[0.8902, 0.9095, 0.8986, 0.9085, 0.896, 0.8975, 0.9002, 0.8971, 0.9049, 0.9008, 0.8906, 0.9069, 0.9077, 0.8915, 0.8988, 0.9179, 0.8998, 0.8998]	
Results: 	[0.8902, 0.9095, 0.8986, 0.9085, 0.896, 0.8975, 0.9002, 0.8971, 0.9049, 0.9008, 0.8906, 0.9069, 0.9077, 0.8915, 0.8988, 0.9179, 0.8998, 0.8998, 0.9002]	
Results: 	[0.8902, 0.9095, 0.8986, 0.9085, 0.896, 0.8975, 0.9002, 0.8971, 0.9049, 0.9008, 0.8906, 0.9069, 0.9077, 0.8915, 0.8988, 0.9179, 0.8998, 0.8998, 0.9002, 0.8948]	
Results: 	[0.8902, 0.9095, 0.8986, 0.9085, 0.896, 0.8975, 0.9002, 0.8971, 0.9049, 0.9008, 0.8906, 0.9069, 0.9077, 0.8915, 0.8988, 0.9179, 0.8998, 0.8998, 0.9002, 0.8948, 0.9101]	
Results: 	[0.8902, 0.9095, 0.8986, 0.9085, 0.896, 0.8975, 0.9002, 0.8971, 0.9049, 0.9008, 0.8906, 0.9069, 0.9077, 0.8915, 0.8988, 0.9179, 0.8998, 0.8998, 0.9002, 0.8948, 0.9101, 0.9011]	
Results: 	[0.8902, 0.9095, 0.8986, 0.9085, 0.896, 0.8975, 0.9002, 0.8971, 0.9049, 0.9008, 0.8906, 0.9069, 0.9077, 0.8915, 0.8988, 0.9179, 0.8998, 0.8998, 0.9002, 0.8948, 0.9101, 0.9011, 0.8921]	
Results: 	[0.8902, 0.9095, 0.8986, 0.9085, 0.896, 0.8975, 0.9002, 0.8971, 0.9049, 0.9008, 0.8906, 0.9069, 0.9077, 0.8915, 0.8988, 0.9179, 0.8998, 0.8998, 0.9002, 0.8948, 0.9101, 0.9011, 0.8921, 0.8973]	
Results: 	[0.8902, 0.9095, 0.8986, 0.9085, 0.896, 0.8975, 0.9002, 0.8971, 0.9049, 0.9008, 0.8906, 0.9069, 0.9077, 0.8915, 0.8988, 0.9179, 0.8998, 0.8998, 0.9002, 0.8948, 0.9101, 0.9011, 0.8921, 0.8973, 0.8967]	
Results: 	[0.8902, 0.9095, 0.8986, 0.9085, 0.896, 0.8975, 0.9002, 0.8971, 0.9049, 0.9008, 0.8906, 0.9069, 0.9077, 0.8915, 0.8988, 0.9179, 0.8998, 0.8998, 0.9002, 0.8948, 0.9101, 0.9011, 0.8921, 0.8973, 0.8967, 0.9013]	
Results: 	[0.8902, 0.9095, 0.8986, 0.9085, 0.896, 0.8975, 0.9002, 0.8971, 0.9049, 0.9008, 0.8906, 0.9069, 0.9077, 0.8915, 0.8988, 0.9179, 0.8998, 0.8998, 0.9002, 0.8948, 0.9101, 0.9011, 0.8921, 0.8973, 0.8967, 0.9013, 0.9038]	
Results: 	[0.8902, 0.9095, 0.8986, 0.9085, 0.896, 0.8975, 0.9002, 0.8971, 0.9049, 0.9008, 0.8906, 0.9069, 0.9077, 0.8915, 0.8988, 0.9179, 0.8998, 0.8998, 0.9002, 0.8948, 0.9101, 0.9011, 0.8921, 0.8973, 0.8967, 0.9013, 0.9038, 0.9018]	
Results: 	[0.8902, 0.9095, 0.8986, 0.9085, 0.896, 0.8975, 0.9002, 0.8971, 0.9049, 0.9008, 0.8906, 0.9069, 0.9077, 0.8915, 0.8988, 0.9179, 0.8998, 0.8998, 0.9002, 0.8948, 0.9101, 0.9011, 0.8921, 0.8973, 0.8967, 0.9013, 0.9038, 0.9018, 0.9015]	
Results: 	[0.8902, 0.9095, 0.8986, 0.9085, 0.896, 0.8975, 0.9002, 0.8971, 0.9049, 0.9008, 0.8906, 0.9069, 0.9077, 0.8915, 0.8988, 0.9179, 0.8998, 0.8998, 0.9002, 0.8948, 0.9101, 0.9011, 0.8921, 0.8973, 0.8967, 0.9013, 0.9038, 0.9018, 0.9015, 0.8991]
30 Support Sets: (Mean:0.9005366666666667, SD:0.0062421527748340085) | 	


















































































