Results: 	[0.8707]	
Results: 	[0.8707, 0.8689]	
Results: 	[0.8707, 0.8689, 0.8546]	
Results: 	[0.8707, 0.8689, 0.8546, 0.8684]	
Results: 	[0.8707, 0.8689, 0.8546, 0.8684, 0.8786]	
Results: 	[0.8707, 0.8689, 0.8546, 0.8684, 0.8786, 0.8126]	
Results: 	[0.8707, 0.8689, 0.8546, 0.8684, 0.8786, 0.8126, 0.8064]	
Results: 	[0.8707, 0.8689, 0.8546, 0.8684, 0.8786, 0.8126, 0.8064, 0.842]	
Results: 	[0.8707, 0.8689, 0.8546, 0.8684, 0.8786, 0.8126, 0.8064, 0.842, 0.8182]	
Results: 	[0.8707, 0.8689, 0.8546, 0.8684, 0.8786, 0.8126, 0.8064, 0.842, 0.8182, 0.8695]	
Results: 	[0.8707, 0.8689, 0.8546, 0.8684, 0.8786, 0.8126, 0.8064, 0.842, 0.8182, 0.8695, 0.8154]	
Results: 	[0.8707, 0.8689, 0.8546, 0.8684, 0.8786, 0.8126, 0.8064, 0.842, 0.8182, 0.8695, 0.8154, 0.8788]	
Results: 	[0.8707, 0.8689, 0.8546, 0.8684, 0.8786, 0.8126, 0.8064, 0.842, 0.8182, 0.8695, 0.8154, 0.8788, 0.6869]	
Results: 	[0.8707, 0.8689, 0.8546, 0.8684, 0.8786, 0.8126, 0.8064, 0.842, 0.8182, 0.8695, 0.8154, 0.8788, 0.6869, 0.8691]	
Results: 	[0.8707, 0.8689, 0.8546, 0.8684, 0.8786, 0.8126, 0.8064, 0.842, 0.8182, 0.8695, 0.8154, 0.8788, 0.6869, 0.8691, 0.8677]	
Results: 	[0.8707, 0.8689, 0.8546, 0.8684, 0.8786, 0.8126, 0.8064, 0.842, 0.8182, 0.8695, 0.8154, 0.8788, 0.6869, 0.8691, 0.8677, 0.8693]	
Results: 	[0.8707, 0.8689, 0.8546, 0.8684, 0.8786, 0.8126, 0.8064, 0.842, 0.8182, 0.8695, 0.8154, 0.8788, 0.6869, 0.8691, 0.8677, 0.8693, 0.8627]	
Results: 	[0.8707, 0.8689, 0.8546, 0.8684, 0.8786, 0.8126, 0.8064, 0.842, 0.8182, 0.8695, 0.8154, 0.8788, 0.6869, 0.8691, 0.8677, 0.8693, 0.8627, 0.8457]	
Results: 	[0.8707, 0.8689, 0.8546, 0.8684, 0.8786, 0.8126, 0.8064, 0.842, 0.8182, 0.8695, 0.8154, 0.8788, 0.6869, 0.8691, 0.8677, 0.8693, 0.8627, 0.8457, 0.7227]	
Results: 	[0.8707, 0.8689, 0.8546, 0.8684, 0.8786, 0.8126, 0.8064, 0.842, 0.8182, 0.8695, 0.8154, 0.8788, 0.6869, 0.8691, 0.8677, 0.8693, 0.8627, 0.8457, 0.7227, 0.865]	
Results: 	[0.8707, 0.8689, 0.8546, 0.8684, 0.8786, 0.8126, 0.8064, 0.842, 0.8182, 0.8695, 0.8154, 0.8788, 0.6869, 0.8691, 0.8677, 0.8693, 0.8627, 0.8457, 0.7227, 0.865, 0.8507]	
Results: 	[0.8707, 0.8689, 0.8546, 0.8684, 0.8786, 0.8126, 0.8064, 0.842, 0.8182, 0.8695, 0.8154, 0.8788, 0.6869, 0.8691, 0.8677, 0.8693, 0.8627, 0.8457, 0.7227, 0.865, 0.8507, 0.8622]	
Results: 	[0.8707, 0.8689, 0.8546, 0.8684, 0.8786, 0.8126, 0.8064, 0.842, 0.8182, 0.8695, 0.8154, 0.8788, 0.6869, 0.8691, 0.8677, 0.8693, 0.8627, 0.8457, 0.7227, 0.865, 0.8507, 0.8622, 0.8291]	
Results: 	[0.8707, 0.8689, 0.8546, 0.8684, 0.8786, 0.8126, 0.8064, 0.842, 0.8182, 0.8695, 0.8154, 0.8788, 0.6869, 0.8691, 0.8677, 0.8693, 0.8627, 0.8457, 0.7227, 0.865, 0.8507, 0.8622, 0.8291, 0.8237]	
Results: 	[0.8707, 0.8689, 0.8546, 0.8684, 0.8786, 0.8126, 0.8064, 0.842, 0.8182, 0.8695, 0.8154, 0.8788, 0.6869, 0.8691, 0.8677, 0.8693, 0.8627, 0.8457, 0.7227, 0.865, 0.8507, 0.8622, 0.8291, 0.8237, 0.817]	
Results: 	[0.8707, 0.8689, 0.8546, 0.8684, 0.8786, 0.8126, 0.8064, 0.842, 0.8182, 0.8695, 0.8154, 0.8788, 0.6869, 0.8691, 0.8677, 0.8693, 0.8627, 0.8457, 0.7227, 0.865, 0.8507, 0.8622, 0.8291, 0.8237, 0.817, 0.8792]	
Results: 	[0.8707, 0.8689, 0.8546, 0.8684, 0.8786, 0.8126, 0.8064, 0.842, 0.8182, 0.8695, 0.8154, 0.8788, 0.6869, 0.8691, 0.8677, 0.8693, 0.8627, 0.8457, 0.7227, 0.865, 0.8507, 0.8622, 0.8291, 0.8237, 0.817, 0.8792, 0.7992]	
Results: 	[0.8707, 0.8689, 0.8546, 0.8684, 0.8786, 0.8126, 0.8064, 0.842, 0.8182, 0.8695, 0.8154, 0.8788, 0.6869, 0.8691, 0.8677, 0.8693, 0.8627, 0.8457, 0.7227, 0.865, 0.8507, 0.8622, 0.8291, 0.8237, 0.817, 0.8792, 0.7992, 0.8691]	
Results: 	[0.8707, 0.8689, 0.8546, 0.8684, 0.8786, 0.8126, 0.8064, 0.842, 0.8182, 0.8695, 0.8154, 0.8788, 0.6869, 0.8691, 0.8677, 0.8693, 0.8627, 0.8457, 0.7227, 0.865, 0.8507, 0.8622, 0.8291, 0.8237, 0.817, 0.8792, 0.7992, 0.8691, 0.8716]	
Results: 	[0.8707, 0.8689, 0.8546, 0.8684, 0.8786, 0.8126, 0.8064, 0.842, 0.8182, 0.8695, 0.8154, 0.8788, 0.6869, 0.8691, 0.8677, 0.8693, 0.8627, 0.8457, 0.7227, 0.865, 0.8507, 0.8622, 0.8291, 0.8237, 0.817, 0.8792, 0.7992, 0.8691, 0.8716, 0.8653]
30 Support Sets: (Mean:0.8413433333333333, SD:0.044576510617707336) | 	








































































































































































































































































































































































































































































































































































































































































































































































































































































































































































































































































































































































































































