Results: 	[0.9074]	
Results: 	[0.9074, 0.9005]	
Results: 	[0.9074, 0.9005, 0.901]	
Results: 	[0.9074, 0.9005, 0.901, 0.8847]	
Results: 	[0.9074, 0.9005, 0.901, 0.8847, 0.9111]	
Results: 	[0.9074, 0.9005, 0.901, 0.8847, 0.9111, 0.9035]	
Results: 	[0.9074, 0.9005, 0.901, 0.8847, 0.9111, 0.9035, 0.8922]	
Results: 	[0.9074, 0.9005, 0.901, 0.8847, 0.9111, 0.9035, 0.8922, 0.9212]	
Results: 	[0.9074, 0.9005, 0.901, 0.8847, 0.9111, 0.9035, 0.8922, 0.9212, 0.9134]	
Results: 	[0.9074, 0.9005, 0.901, 0.8847, 0.9111, 0.9035, 0.8922, 0.9212, 0.9134, 0.9019]	
Results: 	[0.9074, 0.9005, 0.901, 0.8847, 0.9111, 0.9035, 0.8922, 0.9212, 0.9134, 0.9019, 0.9072]	
Results: 	[0.9074, 0.9005, 0.901, 0.8847, 0.9111, 0.9035, 0.8922, 0.9212, 0.9134, 0.9019, 0.9072, 0.8987]	
Results: 	[0.9074, 0.9005, 0.901, 0.8847, 0.9111, 0.9035, 0.8922, 0.9212, 0.9134, 0.9019, 0.9072, 0.8987, 0.9179]	
Results: 	[0.9074, 0.9005, 0.901, 0.8847, 0.9111, 0.9035, 0.8922, 0.9212, 0.9134, 0.9019, 0.9072, 0.8987, 0.9179, 0.902]	
Results: 	[0.9074, 0.9005, 0.901, 0.8847, 0.9111, 0.9035, 0.8922, 0.9212, 0.9134, 0.9019, 0.9072, 0.8987, 0.9179, 0.902, 0.907]	
Results: 	[0.9074, 0.9005, 0.901, 0.8847, 0.9111, 0.9035, 0.8922, 0.9212, 0.9134, 0.9019, 0.9072, 0.8987, 0.9179, 0.902, 0.907, 0.9039]	
Results: 	[0.9074, 0.9005, 0.901, 0.8847, 0.9111, 0.9035, 0.8922, 0.9212, 0.9134, 0.9019, 0.9072, 0.8987, 0.9179, 0.902, 0.907, 0.9039, 0.9072]	
Results: 	[0.9074, 0.9005, 0.901, 0.8847, 0.9111, 0.9035, 0.8922, 0.9212, 0.9134, 0.9019, 0.9072, 0.8987, 0.9179, 0.902, 0.907, 0.9039, 0.9072, 0.9189]	
Results: 	[0.9074, 0.9005, 0.901, 0.8847, 0.9111, 0.9035, 0.8922, 0.9212, 0.9134, 0.9019, 0.9072, 0.8987, 0.9179, 0.902, 0.907, 0.9039, 0.9072, 0.9189, 0.9158]	
Results: 	[0.9074, 0.9005, 0.901, 0.8847, 0.9111, 0.9035, 0.8922, 0.9212, 0.9134, 0.9019, 0.9072, 0.8987, 0.9179, 0.902, 0.907, 0.9039, 0.9072, 0.9189, 0.9158, 0.8992]	
Results: 	[0.9074, 0.9005, 0.901, 0.8847, 0.9111, 0.9035, 0.8922, 0.9212, 0.9134, 0.9019, 0.9072, 0.8987, 0.9179, 0.902, 0.907, 0.9039, 0.9072, 0.9189, 0.9158, 0.8992, 0.9257]	
Results: 	[0.9074, 0.9005, 0.901, 0.8847, 0.9111, 0.9035, 0.8922, 0.9212, 0.9134, 0.9019, 0.9072, 0.8987, 0.9179, 0.902, 0.907, 0.9039, 0.9072, 0.9189, 0.9158, 0.8992, 0.9257, 0.9208]	
Results: 	[0.9074, 0.9005, 0.901, 0.8847, 0.9111, 0.9035, 0.8922, 0.9212, 0.9134, 0.9019, 0.9072, 0.8987, 0.9179, 0.902, 0.907, 0.9039, 0.9072, 0.9189, 0.9158, 0.8992, 0.9257, 0.9208, 0.8915]	
Results: 	[0.9074, 0.9005, 0.901, 0.8847, 0.9111, 0.9035, 0.8922, 0.9212, 0.9134, 0.9019, 0.9072, 0.8987, 0.9179, 0.902, 0.907, 0.9039, 0.9072, 0.9189, 0.9158, 0.8992, 0.9257, 0.9208, 0.8915, 0.9113]	
Results: 	[0.9074, 0.9005, 0.901, 0.8847, 0.9111, 0.9035, 0.8922, 0.9212, 0.9134, 0.9019, 0.9072, 0.8987, 0.9179, 0.902, 0.907, 0.9039, 0.9072, 0.9189, 0.9158, 0.8992, 0.9257, 0.9208, 0.8915, 0.9113, 0.9112]	
Results: 	[0.9074, 0.9005, 0.901, 0.8847, 0.9111, 0.9035, 0.8922, 0.9212, 0.9134, 0.9019, 0.9072, 0.8987, 0.9179, 0.902, 0.907, 0.9039, 0.9072, 0.9189, 0.9158, 0.8992, 0.9257, 0.9208, 0.8915, 0.9113, 0.9112, 0.9105]	
Results: 	[0.9074, 0.9005, 0.901, 0.8847, 0.9111, 0.9035, 0.8922, 0.9212, 0.9134, 0.9019, 0.9072, 0.8987, 0.9179, 0.902, 0.907, 0.9039, 0.9072, 0.9189, 0.9158, 0.8992, 0.9257, 0.9208, 0.8915, 0.9113, 0.9112, 0.9105, 0.906]	
Results: 	[0.9074, 0.9005, 0.901, 0.8847, 0.9111, 0.9035, 0.8922, 0.9212, 0.9134, 0.9019, 0.9072, 0.8987, 0.9179, 0.902, 0.907, 0.9039, 0.9072, 0.9189, 0.9158, 0.8992, 0.9257, 0.9208, 0.8915, 0.9113, 0.9112, 0.9105, 0.906, 0.9239]	
Results: 	[0.9074, 0.9005, 0.901, 0.8847, 0.9111, 0.9035, 0.8922, 0.9212, 0.9134, 0.9019, 0.9072, 0.8987, 0.9179, 0.902, 0.907, 0.9039, 0.9072, 0.9189, 0.9158, 0.8992, 0.9257, 0.9208, 0.8915, 0.9113, 0.9112, 0.9105, 0.906, 0.9239, 0.9106]	
Results: 	[0.9074, 0.9005, 0.901, 0.8847, 0.9111, 0.9035, 0.8922, 0.9212, 0.9134, 0.9019, 0.9072, 0.8987, 0.9179, 0.902, 0.907, 0.9039, 0.9072, 0.9189, 0.9158, 0.8992, 0.9257, 0.9208, 0.8915, 0.9113, 0.9112, 0.9105, 0.906, 0.9239, 0.9106, 0.9204]
30 Support Sets: (Mean:0.90822, SD:0.009927197055529335) | 	

