Results: 	[0.8496]	
Results: 	[0.8496, 0.8645]	
Results: 	[0.8496, 0.8645, 0.8641]	
Results: 	[0.8496, 0.8645, 0.8641, 0.8649]	
Results: 	[0.8496, 0.8645, 0.8641, 0.8649, 0.8509]	
Results: 	[0.8496, 0.8645, 0.8641, 0.8649, 0.8509, 0.8538]	
Results: 	[0.8496, 0.8645, 0.8641, 0.8649, 0.8509, 0.8538, 0.8565]	
Results: 	[0.8496, 0.8645, 0.8641, 0.8649, 0.8509, 0.8538, 0.8565, 0.8904]	
Results: 	[0.8496, 0.8645, 0.8641, 0.8649, 0.8509, 0.8538, 0.8565, 0.8904, 0.8397]	
Results: 	[0.8496, 0.8645, 0.8641, 0.8649, 0.8509, 0.8538, 0.8565, 0.8904, 0.8397, 0.8815]	
Results: 	[0.8496, 0.8645, 0.8641, 0.8649, 0.8509, 0.8538, 0.8565, 0.8904, 0.8397, 0.8815, 0.8658]	
Results: 	[0.8496, 0.8645, 0.8641, 0.8649, 0.8509, 0.8538, 0.8565, 0.8904, 0.8397, 0.8815, 0.8658, 0.878]	
Results: 	[0.8496, 0.8645, 0.8641, 0.8649, 0.8509, 0.8538, 0.8565, 0.8904, 0.8397, 0.8815, 0.8658, 0.878, 0.8614]	
Results: 	[0.8496, 0.8645, 0.8641, 0.8649, 0.8509, 0.8538, 0.8565, 0.8904, 0.8397, 0.8815, 0.8658, 0.878, 0.8614, 0.8525]	
Results: 	[0.8496, 0.8645, 0.8641, 0.8649, 0.8509, 0.8538, 0.8565, 0.8904, 0.8397, 0.8815, 0.8658, 0.878, 0.8614, 0.8525, 0.8651]	
Results: 	[0.8496, 0.8645, 0.8641, 0.8649, 0.8509, 0.8538, 0.8565, 0.8904, 0.8397, 0.8815, 0.8658, 0.878, 0.8614, 0.8525, 0.8651, 0.8809]	
Results: 	[0.8496, 0.8645, 0.8641, 0.8649, 0.8509, 0.8538, 0.8565, 0.8904, 0.8397, 0.8815, 0.8658, 0.878, 0.8614, 0.8525, 0.8651, 0.8809, 0.8473]	
Results: 	[0.8496, 0.8645, 0.8641, 0.8649, 0.8509, 0.8538, 0.8565, 0.8904, 0.8397, 0.8815, 0.8658, 0.878, 0.8614, 0.8525, 0.8651, 0.8809, 0.8473, 0.8849]	
Results: 	[0.8496, 0.8645, 0.8641, 0.8649, 0.8509, 0.8538, 0.8565, 0.8904, 0.8397, 0.8815, 0.8658, 0.878, 0.8614, 0.8525, 0.8651, 0.8809, 0.8473, 0.8849, 0.8729]	
Results: 	[0.8496, 0.8645, 0.8641, 0.8649, 0.8509, 0.8538, 0.8565, 0.8904, 0.8397, 0.8815, 0.8658, 0.878, 0.8614, 0.8525, 0.8651, 0.8809, 0.8473, 0.8849, 0.8729, 0.866]	
Results: 	[0.8496, 0.8645, 0.8641, 0.8649, 0.8509, 0.8538, 0.8565, 0.8904, 0.8397, 0.8815, 0.8658, 0.878, 0.8614, 0.8525, 0.8651, 0.8809, 0.8473, 0.8849, 0.8729, 0.866, 0.8635]	
Results: 	[0.8496, 0.8645, 0.8641, 0.8649, 0.8509, 0.8538, 0.8565, 0.8904, 0.8397, 0.8815, 0.8658, 0.878, 0.8614, 0.8525, 0.8651, 0.8809, 0.8473, 0.8849, 0.8729, 0.866, 0.8635, 0.8805]	
Results: 	[0.8496, 0.8645, 0.8641, 0.8649, 0.8509, 0.8538, 0.8565, 0.8904, 0.8397, 0.8815, 0.8658, 0.878, 0.8614, 0.8525, 0.8651, 0.8809, 0.8473, 0.8849, 0.8729, 0.866, 0.8635, 0.8805, 0.8797]	
Results: 	[0.8496, 0.8645, 0.8641, 0.8649, 0.8509, 0.8538, 0.8565, 0.8904, 0.8397, 0.8815, 0.8658, 0.878, 0.8614, 0.8525, 0.8651, 0.8809, 0.8473, 0.8849, 0.8729, 0.866, 0.8635, 0.8805, 0.8797, 0.8727]	
Results: 	[0.8496, 0.8645, 0.8641, 0.8649, 0.8509, 0.8538, 0.8565, 0.8904, 0.8397, 0.8815, 0.8658, 0.878, 0.8614, 0.8525, 0.8651, 0.8809, 0.8473, 0.8849, 0.8729, 0.866, 0.8635, 0.8805, 0.8797, 0.8727, 0.8851]	
Results: 	[0.8496, 0.8645, 0.8641, 0.8649, 0.8509, 0.8538, 0.8565, 0.8904, 0.8397, 0.8815, 0.8658, 0.878, 0.8614, 0.8525, 0.8651, 0.8809, 0.8473, 0.8849, 0.8729, 0.866, 0.8635, 0.8805, 0.8797, 0.8727, 0.8851, 0.8658]	
Results: 	[0.8496, 0.8645, 0.8641, 0.8649, 0.8509, 0.8538, 0.8565, 0.8904, 0.8397, 0.8815, 0.8658, 0.878, 0.8614, 0.8525, 0.8651, 0.8809, 0.8473, 0.8849, 0.8729, 0.866, 0.8635, 0.8805, 0.8797, 0.8727, 0.8851, 0.8658, 0.8555]	
Results: 	[0.8496, 0.8645, 0.8641, 0.8649, 0.8509, 0.8538, 0.8565, 0.8904, 0.8397, 0.8815, 0.8658, 0.878, 0.8614, 0.8525, 0.8651, 0.8809, 0.8473, 0.8849, 0.8729, 0.866, 0.8635, 0.8805, 0.8797, 0.8727, 0.8851, 0.8658, 0.8555, 0.8395]	
Results: 	[0.8496, 0.8645, 0.8641, 0.8649, 0.8509, 0.8538, 0.8565, 0.8904, 0.8397, 0.8815, 0.8658, 0.878, 0.8614, 0.8525, 0.8651, 0.8809, 0.8473, 0.8849, 0.8729, 0.866, 0.8635, 0.8805, 0.8797, 0.8727, 0.8851, 0.8658, 0.8555, 0.8395, 0.8376]	
Results: 	[0.8496, 0.8645, 0.8641, 0.8649, 0.8509, 0.8538, 0.8565, 0.8904, 0.8397, 0.8815, 0.8658, 0.878, 0.8614, 0.8525, 0.8651, 0.8809, 0.8473, 0.8849, 0.8729, 0.866, 0.8635, 0.8805, 0.8797, 0.8727, 0.8851, 0.8658, 0.8555, 0.8395, 0.8376, 0.878]
30 Support Sets: (Mean:0.8649533333333334, SD:0.0145499551683948) | 	




















